0
8
18
22
23
28
36
45
55
55
58
67
77
83
86
90
94
95
103
110
117
126
135
145
154
155
156
157
167
172
181
191
193
202
203
211
216
218
224
229
232
237
237
246
249
253
256
259
263
268
278
280
287
296
301
307
312
320
330
332
340
342
345
350
352
352
358
358
364
372
382
390
393
397
401
406
415
418
428
435
441
444
453
460
463
472
481
488
497
498
505
510
519
529
531
532
534
543
551
558
560
567
575
583
590
593
599
603
611
618
622
632
641
648
651
659
662
665
667
672
680
680
685
693
698
707
715
715
715
723
723
724
731
733
743
751
758
767
774
774
777
785
789
792
793
802
805
809
819
820
825
829
831
836
839
849
853
861
863
863
866
872
881
885
887
887
896
904
909
910
917
925
931
934
936
939
947
956
958
968
973
979
985
990
995
1003
1008
1015
1024
1025
1028
1038
1046
1047
1049
1058
1065
1071
1075
1083
1086
1092
1097
1102
1112
1114
1122
1128
1129
1136
1143
1148
1148
1152
1158
1167
1173
1181
1186
1191
1193
1198
1206
1215
1215
1218
1218
1221
1228
1230
1234
1243
1251
1257
1259
1260
1265
1274
1279
1287
1289
1297
1298
1301
1302
1308
1312
1319
1329
1332
1333
1336
1346
1348
1353
1355
1359
1364
1374
1378
1385
1386
1391
1395
1400
1400
1405
1405
1413
1415
1417
1423
1431
1439
1448
1454
1454
1464
1464
1472
1480
1480
1488
1493
1500
1509
1516
1521
1528
1538
1539
1541
1546
1553
1557
1565
1567
1572
1577
1587
1596
1601
1611
1613
1614
1617
1624
1632
1633
1641
1651
1656
1660
1664
1669
1672
1676
1685
1689
1689
1689
1692
1701
1705
1713
1716
1721
1723
1723
1727
1731
1732
1732
1734
1741
1751
1751
1761
1766
1774
1784
1792
1794
1801
1809
1817
1823
1827
1833
1843
1850
1860
1861
1861
1862
1863
1868
1869
1872
1881
1889
1889
1892
1892
1893
1894
1903
1909
1913
1913
1919
1927
1928
1934
1936
1936
1937
1938
1948
1949
1958
1964
1965
1967
1974
1978
1985
1995
2004
2008
2017
2026
2033
2040
2042
2047
2052
2054
2061
2070
2071
2076
2077
2077
2085
2093
2102
2102
2106
2113
2120
2130
2132
2141
2147
2157
2162
2163
2164
2169
2170
2175
2182
2191
2191
2197
2202
2202
2202
2207
2214
2223
2225
2231
2231
2233
2234
2237
2243
2243
2251
2258
2261
2270
2272
2274
2274
2283
2291
2293
2302
2308
2312
2314
2317
2326
2332
2341
2348
2356
2365
2365
2369
2373
2373
2376
2376
2376
2380
2386
2393
2395
2400
2406
2415
2423
2426
2430
2438
2438
2440
2440
2441
2442
2447
2453
2454
2464
2472
2474
2477
2481
2488
2494
2496
2503
2505
2512
2512
2519
2520
2529
2530
2531
2538
2542
2543
2553
2555
2560
2560
2567
2575
2581
2584
2584
2594
2599
2599
2609
2609
2616
2624
2631
2635
2640
2641
2651
2651
2653
2659
2660
2669
2671
2676
2682
2688
2690
2692
2692
2701
2704
2705
2708
2715
2720
2723
2731
2733
2733
2743
2745
2748
2750
2760
2763
2772
2776
2782
2783
2787
2797
2801
2803
2813
2814
2814
2820
2829
2836
2842
2849
2857
2866
2871
2878
2885
2892
2896
2905
2914
2923
2926
2936
2936
2946
2952
2961
2961
2971
2981
2991
2993
2999
3007
3012
3022
3024
3034
3041
3047
3057
3066
3073
3080
3085
3094
3098
3101
3108
3110
3112
3122
3124
3128
3132
3138
3148
3152
3153
3157
3163
3172
3172
3173
3173
3176
3180
3181
3190
3191
3197
3207
3210
3212
3216
3224
3231
3240
3249
3251
3254
3260
3270
3271
3275
3276
3278
3281
3282
3291
3292
3300
3300
3306
3313
3322
3330
3331
3336
3340
3342
3348
3353
3354
3358
3365
3375
3376
3383
3384
3390
3400
3405
3415
3417
3419
3425
3427
3435
3440
3448
3457
3457
3462
3469
3471
3477
3477
3484
3493
3500
3508
3509
3512
3515
3519
3525
3528
3537
3546
3547
3554
3563
3568
3574
3579
3589
3599
3602
3605
3611
3618
3620
3623
3627
3633
3641
3645
3647
3649
3657
3666
3669
3679
3679
3680
3684
3684
3690
3699
3706
3714
3722
3723
3728
3731
3741
3744
3747
3757
3766
3768
3774
3781
3782
3791
3791
3799
3801
3811
3821
3824
3830
3834
3839
3841
3847
3857
3863
3866
3870
3871
3881
3886
3886
3887
3893
3902
3905
3906
3907
3912
3918
3921
3929
3933
3934
3936
3937
3940
3944
3951
3952
3959
3965
3970
3970
3974
3978
3986
3991
4001
4009
4010
4019
4027
4034
4037
4046
4047
4057
4059
4059
4065
4065
4066
4068
4078
4081
4082
4082
4082
4085
4091
4094
4101
4101
4107
4108
4115
4123
4132
4140
4149
4158
4164
4168
4172
4180
4187
4192
4196
4206
4212
4212
4212
4214
4223
4228
4232
4236
4237
4246
4249
4252
4261
4265
4270
4276
4279
4284
4292
4297
4307
4308
4309
4318
4323
4325
4331
4339
4344
4350
4351
4352
4358
4361
4364
4372
4374
4380
4390
4400
4403
4413
4419
4427
4435
4444
4453
4457
4466
4472
4472
4477
4478
4485
4488
4494
4499
4500
4510
4511
4515
4517
4518
4523
4523
4530
4536
4541
4545
4551
4559
4567
4571
4571
4576
4584
4584
4590
4597
4607
4608
4608
4618
4626
4633
4636
4639
4648
4653
4658
4663
4669
4676
4685
4691
4697
4701
4707
4715
4720
4723
4725
4725
4726
4727
4728
4736
4746
4756
4760
4761
4764
4770
4777
4787
4791
4792
4799
4801
4806
4806
4809
4816
4821
4827
4828
4829
4839
4848
4858
4863
4863
4866
4873
4879
4886
4890
4900
4909
4919
4924
4933
4937
4937
4945
4945
4955
4961
4969
4970
4971
4981
4990
4992
4999
5000
5007
5012
5020
5027
5034
5043
5043
5052
5056
5059
5065
5069
5070
5076
5078
5086
5089
5091
5099
5106
5106
5106
5110
5111
5120
5130
5139
5147
5147
5157
5163
5173
5180
5181
5187
5187
5188
5190
5199
5207
5207
5216
5218
5222
5226
5232
5237
5238
5246
5247
5257
5261
5270
5280
5282
5283
5283
5291
5295
5302
5306
5312
5315
5322
5322
5327
5327
5335
5338
5346
5355
5362
5362
5363
5369
5374
5381
5390
5391
5401
5407
5417
5419
5421
5423
5423
5427
5432
5441
5448
5453
5459
5465
5467
5470
5480
5486
5491
5494
5502
5511
5519
5529
5536
5545
5547
5551
5557
5566
5569
5569
5572
5574
5582
5587
5597
5601
5604
5612
5621
5626
5630
5631
5639
5646
5655
5661
5664
5672
5675
5682
5684
5693
5695
5703
5710
5717
5721
5723
5730
5731
5737
5746
5756
5762
5771
5777
5778
5783
5786
5794
5802
5810
5819
5827
5832
5839
5846
5850
5854
5863
5870
5875
5884
5886
5889
5893
5899
5902
5905
5910
5920
5927
5931
5937
5947
5952
5954
5956
5960
5966
5969
5973
5973
5974
5982
5992
6000
6002
6007
6013
6017
6025
6026
6032
6034
6040
6050
6050
6050
6051
6051
6056
6058
6059
6063
6068
6070
6074
6081
6088
6097
6102
6103
6105
6111
6118
6121
6131
6137
6143
6149
6156
6156
6164
6164
6164
6167
6167
6172
6181
6186
6190
6198
6198
6201
6205
6212
6222
6226
6232
6234
6243
6246
6255
6261
6266
6269
6279
6280
6287
6294
6299
6305
6310
6317
6317
6322
6329
6332
6338
6345
6346
6347
6357
6365
6368
6375
6382
6387
6397
6403
6411
6418
6419
6428
6429
6433
6440
6442
6449
6458
6468
6476
6484
6486
6488
6496
6499
6500
6510
6511
6521
6521
6527
6529
6538
6547
6548
6557
6563
6566
6569
6573
6583
6590
6598
6601
6611
6615
6616
6621
6628
6634
6637
6641
6644
6647
6654
6661
6665
6670
6679
6687
6687
6693
6698
6702
6711
6720
6730
6738
6744
6754
6756
6762
6770
6774
6781
6783
6793
6793
6799
6802
6805
6813
6814
6823
6830
6831
6837
6846
6852
6861
6865
6871
6871
6872
6875
6876
6882
6888
6896
6902
6910
6915
6925
6931
6939
6948
6951
6958
6962
6968
6970
6977
6980
6984
6989
6996
6998
7005
7010
7013
7014
7019
7026
7029
7037
7039
7040
7042
7052
7060
7062
7071
7071
7079
7089
7099
7100
7102
7105
7113
7114
7118
7118
7121
7128
7130
7135
7139
7140
7142
7150
7151
7155
7163
7171
7173
7181
7187
7190
7191
7191
7200
7206
7208
7211
7215
7221
7228
7234
7244
7247
7256
7262
7262
7263
7270
7274
7281
7285
7289
7294
7297
7299
7307
7307
7316
7322
7328
7332
7336
7340
7344
7352
7353
7357
7367
7375
7383
7393
7400
7406
7406
7408
7411
7415
7417
7424
7427
7431
7440
7448
7455
7456
7464
7470
7470
7475
7484
7488
7489
7498
7498
7506
7507
7515
7525
7532
7537
7537
7541
7545
7555
7555
7559
7564
7571
7574
7574
7584
7592
7601
7609
7614
7619
7627
7629
7632
7636
7645
7645
7649
7651
7661
7670
7675
7681
7686
7695
7703
7707
7712
7716
7725
7727
7737
7743
7747
7749
7752
7754
7759
7769
7769
7775
7784
7792
7799
7800
7800
7802
7810
7811
7811
7820
7824
7826
7826
7833
7841
7845
7850
7858
7860
7862
7869
7873
7881
7886
7888
7890
7898
7900
7910
7914
7918
7918
7921
7928
7928
7932
7933
7939
7946
7951
7952
7955
7960
7962
7962
7972
7977
7980
7987
7997
7999
8007
8007
8011
8012
8014
8023
8033
8039
8040
8045
8045
8055
8060
8060
8061
8064
8073
8075
8081
8090
8093
8096
8104
8107
8111
8117
8120
8128
8137
8142
8149
8149
8153
8157
8166
8174
8176
8185
8192
8193
8200
8203
8212
8219
8219
8229
8238
8247
8250
8260
8261
8261
8266
8269
8277
8287
8291
8299
8303
8310
8318
8318
8321
8325
8325
8331
8337
8338
8347
8349
8357
8360
8361
8367
8371
8373
8379
8381
8384
8387
8393
8402
8405
8411
8421
8421
8430
8437
8447
8452
8456
8460
8460
8465
8467
8470
8470
8478
8481
8483
8486
8489
8491
8500
8510
8519
8524
8525
8525
8534
8541
8544
8552
8559
8560
8567
8577
8584
8584
8585
8587
8597
8606
8611
8618
8619
8624
8633
8638
8639
8644
8645
8649
8649
8649
8654
8663
8664
8666
8668
8671
8675
8685
8692
8701
8701
8707
8715
8724
8729
8737
8738
8746
8747
8757
8758
8758
8768
8776
8781
8784
8788
8792
8797
8799
8806
8809
8810
8811
8812
8821
8828
8832
8839
8842
8846
8855
8856
8859
8859
8859
8862
8870
8879
8889
8899
8906
8914
8921
8922
8928
8928
8933
8941
8942
8952
8954
8961
8966
8969
8979
8979
8986
8990
8991
8995
8995
9003
9006
9015
9023
9033
9034
9044
9048
9058
9064
9070
9073
9080
9090
9095
9099
9099
9109
9109
9116
9124
9132
9134
9134
9137
9137
9144
9151
9156
9157
9163
9163
9172
9182
9191
9200
9200
9210
9214
9215
9222
9232
9238
9243
9253
9262
9268
9269
9279
9289
9296
9299
9302
9305
9305
9308
9308
9313
9317
9321
9325
9327
9335
9344
9348
9352
9362
9368
9373
9374
9383
9391
9401
9402
9405
9412
9415
9422
9428
9435
9444
9447
9452
9461
9463
9466
9470
9470
9473
9481
9482
9483
9490
9490
9499
9503
9512
9517
9521
9531
9541
9544
9546
9554
9555
9557
9565
9566
9572
9575
9575
9583
9589
9597
9602
9606
9613
9615
9624
9634
9634
9634
9635
9636
9638
9641
9646
9649
9659
9659
9668
9669
9674
9682
9690
9698
9703
9713
9719
9719
9721
9729
9729
9731
9736
9743
9745
9750
9757
9765
9774
9784
9793
9800
9807
9810
9814
9821
9830
9830
9830
9831
9838
9846
9852
9861
9862
9871
9874
9876
9881
9887
9896
9898
9899
9909
9918
9922
9927
9931
9931
9934
9935
9941
9946
9954
9957
9964
9972
9973
9979
9981
9991
9998
10006
10010
10017
10021
10027
10030
10032
10035
10035
10036
10045
10045
10055
10056
10057
10066
10075
10083
10087
10097
10102
10103
10111
10111
10111
10121
10130
10140
10148
10157
10158
10160
10165
10175
10175
10180
10189
10189
10198
10203
10210
10218
10220
10228
10235
10243
10253
10255
10265
10271
10275
10279
10280
10288
10297
10306
10314
10319
10322
10323
10329
10339
10339
10339
10344
10345
10346
10356
10366
10366
10375
10382
10385
10390
10395
10402
10410
10417
10419
10426
10431
10441
10449
10449
10453
10454
10455
10457
10460
10467
10471
10481
10481
10484
10487
10496
10498
10500
10503
10512
10513
10520
10520
10527
10530
10537
10540
10542
10548
10552
10556
10557
10567
10577
10580
10589
10593
10603
10609
10613
10621
10629
10631
10638
10646
10653
10657
10661
10671
10675
10676
10676
10682
10684
10692
10699
10706
10708
10712
10715
10721
10726
10732
10735
10736
10737
10745
10745
10749
10757
10759
10763
10769
10775
10782
10782
10791
10798
10799
10802
10810
10818
10822
10830
10831
10840
10841
10846
10848
10855
10858
10863
10864
10866
10870
10877
10887
10887
10887
10888
10896
10903
10906
10911
10914
10921
10921
10925
10931
10934
10942
10950
10958
10968
10973
10979
10988
10992
11000
11010
11015
11022
11024
11028
11035
11044
11045
11052
11057
11059
11061
11063
11073
11073
11074
11075
11076
11084
11084
11090
11098
11108
11114
11116
11123
11132
11142
11151
11161
11169
11172
11177
11182
11182
11185
11194
11204
11209
11217
11223
11229
11238
11244
11247
11251
11253
11261
11263
11269
11276
11278
11285
11292
11294
11302
11312
11317
11321
11322
11330
11330
11336
11337
11346
11350
11358
11364
11371
11371
11372
11376
11385
11387
11390
11399
11404
11406
11406
11406
11415
11422
11422
11423
11423
11432
11442
11450
11459
11469
11469
11473
11478
11483
11493
11497
11507
11511
11516
11518
11520
11525
11529
11529
11529
11535
11545
11548
11551
11556
11562
11567
11568
11573
11576
11579
11579
11588
11595
11596
11597
11599
11603
11613
11623
11630
11639
11642
11650
11657
11657
11659
11667
11668
11671
11673
11682
11682
11682
11684
11686
11690
11699
11709
11713
11716
11724
11725
11734
11741
11746
11752
11753
11753
11756
11764
11770
11780
11780
11780
11790
11799
11807
11814
11816
11824
11829
11833
11837
11844
11851
11859
11861
11868
11871
11878
11878
11885
11889
11897
11900
11903
11911
11914
11918
11927
11927
11931
11932
11935
11936
11939
11939
11941
11951
11957
11967
11971
11976
11982
11982
11983
11990
11994
12002
12010
12017
12021
12029
12039
12043
12045
12048
12052
12052
12055
12062
12068
12073
12080
12080
12087
12091
12093
12098
12108
12114
12120
12120
12125
12126
12135
12144
12153
12156
12162
12170
12174
12180
12187
12194
12195
12197
12201
12210
12219
12221
12221
12221
12231
12234
12234
12234
12241
12251
12253
12263
12271
12276
12279
12283
12287
12287
12290
12298
12307
12312
12321
12326
12328
12329
12330
12339
12348
12355
12357
12358
12361
12365
12366
12376
12386
12389
12394
12394
12394
12398
12401
12406
12410
12415
12421
12424
12428
12437
12439
12444
12450
12455
12460
12466
12473
12478
12479
12480
12484
12490
12491
12498
12508
12510
12514
12517
12526
12529
12535
12539
12541
12551
12560
12561
12570
12662
12752
12842
12937
13034
13125
13215
13311
13408
13501
13597
13696
13793
13892
13985
14084
14178
14275
14373
14464
14557
14650
14746
14842
14940
15033
15131
15224
15314
15412
15503
15602
15692
15782
15881
15975
16074
16166
16262
16354
16452
16542
16635
16727
16818
16908
16998
17090
17187
17279
17370
17468
17561
17652
17750
17841
17937
18032
18128
18218
18310
18402
18499
18594
18690
18788
18887
18977
19068
19167
19261
19361
19459
19552
19646
19741
19831
19921
20012
20102
20201
20296
20388
20486
20576
20676
20767
20858
20955
21054
21145
21240
21335
21431
21521
21611
21703
21796
21893
21991
22090
22187
22285
22375
22472
22568
22659
22752
22852
22952
23043
23141
23238
23328
23427
23527
23624
23716
23810
23904
23996
24086
24186
24278
24373
24468
24560
24654
24751
24846
24944
25044
25135
25235
25332
25430
25524
25621
25719
25811
25904
25997
26090
26189
26284
26381
26471
26561
26658
26751
26846
26944
27044
27141
27238
27335
27432
27532
27631
27721
27814
27906
27999
28096
28187
28286
28381
28472
28564
28661
28759
28854
28954
29050
29148
29245
29345
29436
29528
29618
29709
29805
29897
29992
30083
30176
30269
30367
30461
30556
30650
30746
30836
30933
31032
31132
31232
31329
31427
31524
31620
31719
31810
31909
32007
32105
32197
32295
32395
32485
32579
32676
32776
32876
32974
33066
33160
33253
33348
33442
33533
33624
33714
33813
33913
34005
34096
34188
34284
34381
34474
34570
34665
34759
34852
34949
35042
35137
35230
35323
35419
35509
35609
35707
35806
35898
35993
36086
36178
36272
36372
36465
36565
36660
36756
36851
36950
37046
37143
37238
37328
37424
37518
37610
37708
37798
37892
37986
38076
38174
38271
38362
38460
38552
38647
38742
38842
38937
39033
39123
39218
39318
39418
39516
39607
39702
39796
39893
39988
40083
40182
40276
40367
40462
40558
40650
40748
40843
40940
41036
41126
41217
41309
41405
41496
41595
41689
41782
41880
41975
42070
42160
42252
42352
42446
42540
42635
42725
42824
42917
43009
43104
43198
43298
43390
43484
43576
43666
43762
43852
43944
44038
44132
44230
44329
44425
44519
44616
44709
44807
44897
44997
45087
45183
45280
45377
45476
45570
45668
45759
45851
45941
46037
46136
46230
46326
46418
46513
46604
46700
46794
46886
46977
47068
47165
47255
47347
47446
47546
47646
47742
47835
47931
48031
48129
48226
48322
48412
48510
48609
48704
48794
48887
48977
49073
49163
49262
49358
49456
49551
49646
49746
49839
49936
50029
50123
50215
50309
50401
50497
50595
50686
50786
50885
50984
51079
51175
51265
51363
51461
51555
51655
51754
51853
51951
52045
52142
52238
52335
52427
52520
52616
52712
52805
52900
52998
53093
53186
53284
53383
53474
53574
53669
53763
53856
53949
54047
54145
54235
54334
54432
54526
54621
54720
54814
54906
55002
55098
55190
55280
55370
55465
55556
55651
55742
55833
55929
56025
56115
56208
56304
56400
56497
56597
56690
56780
56875
56974
57071
57167
57258
57355
57448
57548
57641
57739
57833
57923
58020
58110
58201
58300
58397
58493
58588
58681
58778
58871
58966
59057
59152
59245
59344
59438
59537
59634
59730
59826
59926
60021
60119
60218
60316
60416
60514
60611
60706
60805
60901
61000
61095
61190
61281
61377
61472
61568
61668
61762
61857
61947
62040
62136
62228
62319
62412
62507
62606
62697
62797
62891
62991
63086
63177
63276
63372
63472
63565
63657
63752
63847
63939
64029
64127
64217
64317
64408
64505
64604
64701
64793
64883
64979
65076
65175
65269
65360
65454
65553
65651
65751
65844
65943
66041
66131
66227
66321
66412
66510
66601
66696
66795
66887
66986
67082
67173
67268
67358
67452
67546
67642
67737
67829
67927
68021
68121
68218
68315
68414
68512
68610
68700
68797
68894
68987
69086
69182
69279
69370
69469
69568
69662
69757
69848
69941
70041
70137
70228
70328
70419
70513
70611
70707
70800
70897
70993
71085
71178
71274
71373
71467
71565
71663
71760
71859
71955
72045
72140
72233
72332
72431
72526
72617
72710
72810
72904
72994
73084
73181
73271
73366
73465
73564
73664
73758
73857
73955
74055
74152
74251
74349
74443
74536
74634
74733
74823
74916
75010
75102
75192
75291
75383
75478
75569
75660
75754
75850
75946
76040
76135
76228
76325
76423
76521
76611
76706
76798
76891
76988
77082
77178
77276
77376
77473
77573
77669
77765
77863
77963
78055
78154
78247
78340
78439
78534
78633
78733
78830
78928
79026
79123
79214
79312
79408
79507
79605
79695
79791
79881
79971
80066
80165
80259
80355
80450
80547
80644
80741
80831
80924
81016
81112
81210
81303
81396
81495
81585
81678
81769
81868
81968
82060
82158
82257
82348
82448
82543
82642
82734
82829
82923
83018
83115
83207
83299
83392
83483
83575
83668
83760
83853
83944
84041
84135
84232
84322
84415
84506
84599
84690
84790
84887
84984
85079
85178
85272
85365
85464
85563
85660
85752
85850
85944
86039
86137
86233
86326
86417
86512
86603
86696
86786
86878
86975
87071
87165
87265
87359
87450
87547
87638
87733
87831
87929
88020
88116
88208
88302
88400
88500
88600
88694
88787
88878
88969
89061
89161
89255
89354
89450
89545
89644
89736
89834
89925
90017
90107
90204
90301
90397
90487
90579
90670
90760
90857
90956
91054
91147
91245
91336
91432
91524
91620
91720
91818
91916
92013
92106
92203
92294
92386
92478
92574
92665
92762
92857
92950
93047
93142
93240
93333
93426
93517
93608
93701
93791
93888
93983
94081
94179
94276
94369
94469
94565
94663
94755
94852
94945
95035
95132
95231
95327
95424
95520
95612
95707
95803
95893
95990
96080
96170
96262
96358
96457
96555
96649
96739
96836
96933
97026
97125
97220
97312
97403
97497
97591
97687
97785
97875
97975
98067
98166
98258
98352
98444
98536
98636
98727
98827
98919
99018
99116
99208
99299
99398
99498
99593
99684
99779
99872
99965
100065
100162
100255
100351
100445
100541
100637
100728
100827
100918
101010
101110
101207
101302
101395
101494
101584
101677
101777
101876
101972
102069
102162
102262
102356
102456
102553
102646
102738
102838
102933
103029
103128
103221
103318
103416
103507
103602
103695
103793
103885
103981
104075
104170
104266
104362
104457
104554
104647
104744
104844
104940
105039
105136
105232
105326
105421
105514
105610
105702
105800
105890
105983
106078
106176
106276
106370
106461
106553
106644
106743
106834
106924
107022
107114
107213
107311
107401
107494
107594
107688
107787
107881
107976
108072
108166
108265
108363
108463
108554
108644
108737
108833
108923
109022
109112
109202
109294
109394
109489
109588
109678
109772
109867
109960
110058
110157
110255
110346
110436
110536
110632
110724
110821
110917
111015
111114
111214
111309
111404
111499
111598
111697
111790
111884
111980
112078
112170
112266
112357
112454
112553
112646
112739
112838
112935
113026
113120
113211
113311
113409
113499
113593
113692
113792
113892
113989
114079
114172
114270
114367
114458
114550
114642
114742
114837
114932
115029
115123
115214
115305
115401
115491
115588
115682
115773
115870
115968
116058
116149
116246
116339
116432
116526
116616
116715
116813
116906
117006
117103
117201
117300
117392
117484
117583
117683
117777
117872
117962
118057
118155
118253
118346
118436
118528
118625
118720
118812
118906
119004
119098
119198
119298
119395
119492
119587
119683
119777
119869
119962
120052
120145
120240
120331
120426
120517
120607
120707
120804
120899
120995
121085
121176
121270
121363
121462
121560
121653
121746
121844
121942
122033
122133
122233
122332
122423
122520
122620
122717
122812
122907
123002
123096
123195
123289
123384
123480
123579
123675
123770
123869
123962
124053
124143
124233
124324
124416
124507
124606
124704
124794
124888
124980
125079
125174
125268
125362
125459
125552
125648
125742
125841
125933
126029
126119
126214
126307
126404
126494
126587
126679
126779
126869
126964
127060
127153
127246
127342
127433
127529
127626
127722
127818
127912
128004
128102
128194
128287
128384
128480
128571
128667
128764
128863
128962
129057
129150
129245
129341
129434
129530
129628
129724
129817
129911
130005
130097
130195
130287
130381
130472
130572
130662
130762
130852
130942
131037
131129
131220
131311
131401
131492
131588
131680
131770
131865
131963
132053
132146
132246
132344
132435
132531
132628
132727
132824
132923
133017
133113
133212
133308
133405
133503
133601
133696
133796
133890
133985
134082
134172
134266
134357
134452
134545
134645
134735
134829
134921
135018
135118
135215
135313
135406
135503
135594
135684
135784
135874
135967
136067
136159
136257
136353
136450
136546
136638
136734
136825
136920
137014
137106
137198
137293
137387
137485
137581
137674
137771
137867
137965
138060
138155
138255
138353
138446
138540
138631
138723
138823
138919
139016
139111
139204
139296
139389
139489
139581
139678
139778
139869
139960
140058
140156
140252
140351
140443
140537
140633
140728
140828
140923
141014
141104
141196
141293
141388
141478
141569
141665
141763
141853
141952
142043
142143
142233
142332
142422
142516
142611
142709
142804
142904
143000
143099
143197
143291
143390
143483
143578
143671
143762
143853
143946
144046
144137
144231
144324
144418
144512
144603
144701
144798
144891
144987
145087
145179
145279
145371
145461
145555
145653
145752
145842
145933
146026
146123
146215
146312
146406
146506
146606
146703
146793
146891
146989
147081
147178
147268
147362
147458
147550
147645
147744
147837
147930
148024
148118
148211
148306
148401
148492
148587
148681
148777
148871
148964
149061
149161
149252
149351
149449
149539
149632
149732
149822
149920
150015
150108
150205
150297
150396
150486
150579
150673
150772
150872
150970
151067
151158
151249
151342
151440
151537
151629
151726
151818
151917
152008
152098
152198
152290
152384
152484
152577
152669
152767
152866
152963
153055
153151
153249
153343
153438
153536
153627
153724
153824
153923
154017
154115
154206
154296
154394
154484
154584
154681
154771
154869
154969
155060
155156
155256
155347
155440
155533
155631
155724
155820
155920
156015
156112
156210
156307
156406
156506
156603
156695
156791
156881
156978
157072
157169
157266
157363
157454
157552
157645
157737
157830
157926
158016
158111
158201
158292
158385
158476
158573
158672
158764
158860
158950
159050
159142
159238
159333
159429
159528
159623
159718
159815
159914
160013
160110
160204
160298
160398
160496
160588
160686
160785
160883
160981
161078
161172
161267
161365
161459
161554
161646
161738
161832
161930
162024
162118
162215
162314
162408
162503
162595
162695
162792
162891
162981
163072
163164
163256
163347
163446
163539
163639
163736
163830
163927
164025
164115
164213
164312
164411
164508
164603
164694
164787
164878
164977
165069
165159
165259
165351
165447
165538
165637
165729
165827
165921
166019
166116
166206
166298
166397
166495
166593
166683
166780
166872
166969
167061
167158
167249
167344
167442
167533
167625
167720
167817
167908
168005
168103
168199
168295
168391
168481
168573
168667
168763
168860
168959
169054
169144
169237
169328
169420
169511
169610
169706
169798
169897
169988
170081
170179
170269
170369
170460
170556
170653
170753
170852
170942
171042
171135
171235
171326
171425
171525
171618
171713
171811
171908
172006
172102
172197
172291
172384
172477
172567
172662
172753
172845
172944
173039
173135
173230
173327
173423
173515
173608
173702
173800
173893
173993
174091
174188
174285
174381
174481
174577
174676
174776
174875
174965
175057
175152
175250
175341
175440
175536
175632
175731
175822
175918
176010
176110
176200
176298
176397
176488
176587
176686
176781
176872
176962
177059
177158
177254
177352
177451
177548
177641
177741
177835
177927
178025
178121
178214
178310
178402
178502
178600
178699
178790
178884
178983
179081
179175
179274
179365
179456
179553
179646
179737
179827
179921
180011
180107
180203
180297
180396
180493
180583
180679
180773
180872
180966
181060
181156
181254
181350
181450
181549
181640
181734
181828
181927
182018
182116
182216
182309
182407
182507
182603
182700
182790
182882
182982
183075
183173
183267
183358
183453
183545
183639
183738
183836
183928
184021
184117
184211
184301
184391
184491
184584
184680
184773
184867
184965
185059
185153
185251
185351
185441
185540
185631
185726
185816
185914
186011
186110
186208
186303
186403
186495
186587
186678
186770
186864
186961
187055
187149
187247
187344
187436
187530
187630
187730
187827
187922
188016
188110
188203
188303
188402
188495
188588
188680
188771
188871
188968
189059
189157
189253
189345
189442
189542
189636
189729
189828
189925
190023
190122
190221
190312
190404
190500
190593
190693
190784
190882
190981
191080
191175
191275
191369
191459
191551
191646
191743
191833
191923
192021
192116
192207
192306
192405
192503
192599
192690
192780
192878
192972
193068
193160
193251
193349
193448
193546
193639
193731
193826
193923
194018
194110
194201
194292
194387
194478
194574
194667
194767
194865
194958
195051
195148
195241
195336
195435
195535
195634
195725
195817
195917
196009
196099
196198
196290
196386
196480
196578
196673
196772
196871
196962
197055
197150
197242
197340
197431
197528
197622
197718
197809
197901
197992
198083
198180
198274
198365
198456
198548
198643
198743
198841
198939
199038
199130
199225
199324
199417
199517
199607
199700
199796
199889
199982
200074
200172
200263
200363
200457
200552
200646
200745
200839
200939
201036
201133
201223
201321
201418
201517
201608
201708
201804
201897
201997
202088
202186
202281
202373
202469
202562
202652
202751
202844
202939
203033
203123
203219
203313
203404
203496
203594
203686
203784
203879
203974
204074
204164
204256
204347
204443
204543
204638
204737
204833
204923
205017
205115
205209
205307
205403
205497
205591
205684
205783
205874
205974
206066
206159
206252
206352
206450
206540
206636
206733
206832
206925
207018
207113
207205
207305
207397
207497
207596
207692
207782
207875
207971
208064
208154
208245
208337
208427
208518
208613
208705
208798
208889
208981
209075
209173
209265
209357
209448
209538
209628
209724
209822
209915
210010
210106
210205
210295
210395
210495
210593
210690
210783
210880
210971
211067
211158
211257
211352
211450
211546
211639
211730
211827
211923
212021
212114
212204
212301
212398
212492
212591
212688
212785
212880
212980
213070
213169
213268
213363
213459
213557
213647
213741
213839
213939
214029
214126
214224
214315
214409
214509
214607
214698
214792
214891
214983
215074
215165
215258
215350
215448
215548
215641
215737
215834
215929
216019
216109
216209
216300
216390
216484
216574
216664
216755
216846
216939
217039
217133
217232
217329
217429
217525
217619
217713
217808
217899
217992
218087
218178
218270
218361
218460
218558
218652
218747
218843
218942
219032
219130
219228
219320
219412
219507
219607
219704
219794
219886
219985
220080
220175
220272
220369
220462
220560
220659
220750
220840
220933
221030
221126
221225
221323
221423
221515
221610
221703
221800
221899
221993
222086
222183
222279
222376
222472
222570
222666
222758
222848
222948
223043
223138
223235
223335
223425
223524
223614
223705
223795
223890
223989
224080
224179
224279
224379
224475
224572
224666
224758
224852
224942
225035
225125
225215
225307
225407
225506
225600
225694
225794
225887
225986
226077
226174
226274
226373
226473
226573
226667
226760
226859
226954
227054
227145
227238
227330
227430
227529
227620
227717
227809
227906
227998
228093
228189
228281
228373
228473
228563
228662
228758
228856
228950
229045
229141
229238
229333
229433
229524
229620
229711
229801
229891
229987
230081
230179
230273
230364
230458
230552
230642
230740
230839
230935
231032
231127
231225
231316
231411
231507
231603
231693
231792
231886
231978
232073
232170
232263
232355
232448
232544
232634
232732
232827
232921
233014
233114
233210
233306
233399
233489
233587
233678
233778
233873
233971
234070
234160
234250
234350
234441
234535
234628
234725
234823
234921
235012
235106
235201
235295
235392
235488
235584
235676
235776
235870
235960
236050
236142
236241
236340
236434
236525
236618
236711
236801
236893
236991
237083
237175
237266
237356
237451
237549
237649
237742
237837
237934
238030
238122
238214
238312
238406
238504
238598
238697
238795
238889
238989
239086
239181
239279
239378
239473
239566
239659
239752
239848
239939
240032
240131
240225
240325
240424
240516
240613
240705
240798
240891
240985
241081
241172
241271
241367
241460
241553
241647
241740
241835
241927
242019
242110
242201
242297
242387
242479
242572
242670
242762
242853
242943
243043
243142
243242
243342
243436
243530
243630
243727
243825
243922
244012
244106
244202
244297
244394
244484
244575
244667
244763
244860
244953
245045
245140
245234
245324
245423
245517
245610
245700
245800
245891
245988
246081
246179
246273
246368
246467
246562
246657
246757
246855
246948
247046
247141
247232
247330
247426
247523
247615
247705
247801
247899
247995
248095
248193
248291
248391
248481
248581
248681
248777
248872
248967
249057
249148
249240
249335
249429
249519
249618
249718
249817
249908
249998
250094
250104
250106
250111
250114
250118
250120
250121
250129
250130
250137
250146
250154
250160
250169
250173
250178
250188
250197
250203
250206
250215
250225
250234
250242
250250
250252
250262
250264
250265
250275
250279
250285
250289
250298
250307
250316
250324
250328
250337
250339
250340
250347
250347
250351
250354
250362
250371
250376
250378
250387
250387
250391
250397
250403
250408
250411
250411
250412
250412
250414
250419
250423
250423
250424
250424
250427
250432
250435
250445
250452
250456
250460
250460
250463
250465
250473
250477
250482
250489
250489
250489
250494
250499
250500
250509
250509
250515
250521
250526
250535
250539
250549
250555
250563
250565
250567
250569
250575
250578
250586
250592
250595
250604
250606
250612
250613
250621
250630
250638
250645
250650
250655
250664
250668
250673
250679
250685
250686
250689
250694
250695
250703
250713
250723
250727
250727
250737
250742
250752
250759
250768
250769
250775
250783
250786
250796
250801
250810
250814
250814
250814
250821
250822
250825
250833
250837
250839
250844
250845
250850
250851
250853
250855
250861
250870
250880
250885
250890
250897
250907
250917
250917
250927
250931
250933
250942
250952
250961
250963
250964
250972
250981
250981
250990
250990
250996
251000
251006
251014
251021
251028
251030
251030
251039
251048
251056
251063
251070
251075
251085
251095
251105
251115
251119
251120
251128
251135
251135
251142
251151
251151
251157
251160
251161
251163
251168
251174
251177
251183
251183
251190
251190
251196
251204
251207
251212
251220
251230
251239
251241
251250
251252
251262
251263
251273
251276
251282
251285
251294
251300
251300
251303
251305
251307
251316
251325
251330
251334
251342
251342
251348
251355
251360
251361
251363
251370
251370
251370
251378
251388
251396
251403
251409
251419
251426
251428
251434
251440
251443
251444
251453
251462
251463
251472
251482
251488
251496
251498
251501
251508
251510
251515
251515
251517
251521
251524
251533
251533
251535
251539
251549
251552
251560
251568
251573
251580
251590
251594
251596
251604
251608
251618
251627
251632
251641
251648
251648
251648
251650
251651
251655
251656
251658
251661
251667
251674
251678
251678
251683
251689
251694
251701
251709
251711
251716
251720
251726
251731
251741
251741
251743
251749
251755
251763
251771
251781
251787
251789
251793
251803
251804
251808
251809
251814
251815
251824
251825
251827
251829
251829
251836
251846
251847
251848
251852
251853
251863
251871
251872
251881
251884
251891
251892
251898
251900
251903
251905
251914
251917
251925
251934
251944
251952
251955
251959
251965
251973
251976
251985
251988
251990
251999
252003
252008
252011
252018
252026
252032
252037
252041
252041
252045
252054
252064
252065
252070
252077
252078
252083
252088
252088
252094
252104
252106
252115
252121
252129
252138
252139
252140
252140
252146
252151
252157
252164
252173
252175
252182
252183
252186
252191
252191
252192
252193
252198
252202
252209
252216
252226
252226
252236
252245
252246
252248
252256
252257
252257
252263
252270
252275
252281
252286
252295
252298
252300
252300
252308
252308
252317
252318
252324
252326
252334
252339
252342
252343
252353
252361
252368
252368
252370
252371
252380
252382
252385
252390
252395
252403
252406
252416
252416
252423
252423
252429
252433
252436
252445
252452
252453
252460
252469
252474
252481
252486
252496
252498
252502
252505
252508
252510
252515
252524
252527
252532
252537
252539
252547
252548
252558
252564
252565
252566
252574
252575
252578
252586
252588
252597
252604
252610
252614
252623
252630
252636
252642
252644
252650
252650
252660
252665
252670
252678
252684
252694
252703
252706
252715
252718
252719
252721
252725
252725
252731
252737
252746
252751
252757
252757
252759
252764
252771
252780
252790
252793
252793
252798
252806
252808
252813
252816
252825
252832
252837
252842
252844
252845
252845
252851
252856
252861
252870
252870
252879
252884
252891
252892
252900
252910
252920
252920
252929
252930
252933
252938
252940
252941
252944
252950
252960
252970
252973
252980
252990
253000
253009
253014
253024
253027
253028
253036
253041
253050
253055
253061
253067
253074
253074
253078
253087
253088
253097
253099
253109
253112
253112
253114
253119
253119
253128
253138
253145
253155
253155
253158
253162
253167
253169
253169
253177
253177
253184
253190
253196
253201
253210
253220
253226
253226
253227
253233
253241
253242
253248
253253
253258
253266
253268
253270
253276
253285
253285
253286
253295
253299
253307
253313
253313
253315
253325
253335
253338
253343
253346
253352
253357
253361
253364
253370
253372
253378
253388
253389
253394
253403
253406
253416
253423
253431
253431
253439
253441
253446
253448
253458
253464
253468
253477
253486
253495
253505
253513
253518
253519
253525
253527
253529
253538
253540
253546
253552
253553
253560
253566
253568
253570
253572
253576
253584
253589
253592
253602
253611
253617
253618
253627
253630
253640
253642
253651
253656
253660
253666
253666
253672
253673
253675
253684
253692
253699
253708
253717
253722
253728
253730
253737
253746
253749
253758
253762
253762
253769
253774
253779
253788
253793
253796
253798
253803
253811
253812
253814
253824
253830
253838
253838
253848
253849
253855
253860
253867
253875
253878
253884
253892
253900
253903
253906
253908
253916
253916
253921
253924
253931
253936
253941
253944
253946
253947
253952
253955
253960
253969
253974
253982
253982
253984
253993
254003
254010
254012
254022
254024
254032
254035
254041
254041
254045
254045
254045
254055
254055
254056
254066
254073
254080
254089
254091
254093
254095
254101
254111
254119
254120
254126
254128
254134
254135
254135
254138
254141
254143
254144
254148
254148
254156
254158
254160
254167
254177
254179
254179
254186
254186
254189
254196
254202
254205
254207
254214
254215
254223
254232
254233
254234
254243
254245
254254
254262
254267
254277
254285
254289
254289
254294
254299
254307
254313
254316
254321
254331
254339
254346
254351
254355
254362
254370
254371
254375
254384
254389
254395
254401
254405
254410
254412
254419
254428
254429
254436
254439
254439
254449
254449
254449
254453
254454
254464
254467
254470
254471
254480
254490
254498
254501
254504
254509
254516
254523
254526
254526
254530
254540
254550
254559
254562
254563
254568
254574
254581
254588
254592
254601
254608
254612
254616
254620
254622
254632
254638
254646
254654
254654
254663
254672
254682
254685
254693
254702
254703
254713
254719
254725
254726
254727
254737
254742
254746
254753
254758
254768
254771
254778
254787
254791
254794
254795
254795
254803
254813
254821
254827
254836
254837
254846
254851
254855
254864
254874
254879
254880
254881
254891
254895
254899
254904
254907
254910
254919
254921
254921
254931
254940
254941
254949
254956
254959
254969
254978
254986
254995
255000
255006
255008
255011
255015
255019
255020
255026
255035
255036
255036
255043
255046
255047
255052
255061
255061
255070
255076
255085
255086
255093
255100
255107
255116
255122
255132
255135
255135
255141
255148
255151
255159
255167
255167
255168
255174
255177
255177
255182
255182
255192
255201
255202
255211
255213
255213
255214
255216
255220
255227
255228
255238
255247
255247
255253
255259
255265
255265
255274
255279
255287
255288
255288
255291
255299
255309
255319
255324
255325
255327
255334
255336
255344
255352
255360
255361
255371
255374
255376
255384
255384
255392
255402
255403
255405
255411
255413
255415
255424
255427
255427
255431
255434
255442
255443
255448
255452
255458
255463
255464
255469
255473
255475
255484
255492
255497
255498
255498
255498
255507
255517
255524
255530
255531
255531
255534
255540
255547
255553
255558
255565
255570
255573
255583
255588
255597
255606
255614
255621
255629
255638
255641
255650
255654
255657
255665
255674
255675
255679
255681
255685
255688
255689
255689
255689
255697
255702
255704
255705
255708
255710
255713
255722
255726
255732
255733
255740
255750
255755
255765
255766
255766
255766
255774
255778
255786
255793
255803
255807
255817
255817
255822
255826
255830
255834
255838
255847
255850
255854
255863
255863
255868
255874
255883
255886
255896
255898
255906
255909
255911
255917
255921
255928
255930
255932
255934
255939
255944
255950
255956
255960
255965
255968
255971
255980
255987
255995
256001
256005
256005
256011
256017
256017
256018
256021
256021
256027
256037
256046
256051
256051
256051
256060
256067
256068
256076
256081
256083
256090
256097
256098
256105
256113
256115
256115
256122
256130
256136
256136
256143
256152
256153
256163
256172
256172
256173
256174
256175
256179
256188
256192
256197
256207
256216
256217
256225
256227
256231
256232
256233
256243
256246
256246
256251
256257
256258
256259
256268
256277
256284
256291
256297
256307
256310
256316
256322
256331
256337
256340
256348
256354
256354
256364
256374
256374
256379
256381
256391
256397
256403
256407
256412
256413
256420
256423
256428
256428
256430
256431
256440
256443
256448
256448
256453
256461
256467
256468
256478
256478
256484
256485
256492
256499
256503
256509
256519
256520
256523
256529
256539
256544
256549
256551
256558
256561
256568
256576
256583
256590
256592
256592
256593
256598
256599
256604
256612
256622
256627
256637
256647
256647
256656
256656
256659
256665
256675
256685
256691
256698
256702
256710
256712
256712
256721
256722
256726
256731
256738
256740
256743
256751
256757
256763
256765
256766
256771
256778
256786
256795
256798
256802
256805
256813
256822
256823
256826
256834
256838
256847
256854
256861
256870
256873
256877
256879
256889
256889
256894
256898
256898
256908
256913
256922
256931
256938
256948
256950
256951
256960
256966
256974
256984
256987
256988
256995
257000
257002
257005
257008
257014
257024
257033
257040
257043
257048
257050
257054
257060
257063
257069
257069
257073
257078
257079
257083
257092
257097
257101
257108
257116
257118
257124
257128
257131
257139
257145
257148
257155
257159
257159
257164
257165
257167
257168
257176
257182
257186
257188
257195
257202
257207
257217
257224
257224
257224
257231
257231
257240
257241
257242
257249
257258
257258
257266
257275
257278
257279
257281
257290
257294
257295
257303
257305
257312
257314
257322
257323
257332
257337
257337
257342
257351
257359
257360
257361
257361
257361
257369
257378
257383
257390
257400
257406
257415
257423
257427
257427
257430
257438
257447
257453
257454
257463
257466
257472
257480
257481
257490
257494
257497
257500
257509
257514
257516
257526
257526
257535
257538
257545
257550
257556
257558
257567
257567
257576
257584
257593
257599
257607
257613
257622
257625
257631
257634
257640
257640
257647
257653
257657
257658
257665
257667
257667
257675
257679
257681
257689
257693
257701
257702
257706
257712
257720
257726
257732
257741
257751
257757
257763
257773
257779
257787
257787
257788
257791
257791
257801
257809
257819
257829
257833
257842
257846
257852
257856
257864
257865
257865
257866
257873
257879
257889
257893
257901
257901
257909
257919
257925
257929
257935
257939
257942
257949
257953
257959
257965
257971
257971
257975
257985
257989
257996
258005
258010
258013
258023
258033
258039
258041
258047
258048
258050
258058
258063
258072
258081
258088
258092
258095
258104
258111
258118
258120
258122
258128
258131
258140
258150
258158
258158
258166
258171
258173
258181
258181
258185
258185
258195
258202
258207
258215
258215
258218
258228
258237
258247
258249
258254
258259
258261
258261
258263
258273
258276
258278
258281
258282
258292
258294
258294
258297
258303
258304
258313
258320
258323
258323
258331
258332
258340
258350
258355
258356
258359
258367
258373
258373
258381
258386
258396
258406
258416
258424
258425
258429
258432
258441
258443
258449
258450
258453
258458
258459
258466
258466
258474
258483
258489
258499
258506
258509
258515
258524
258534
258537
258539
258540
258543
258545
258547
258554
258554
258560
258567
258575
258578
258579
258582
258586
258588
258594
258604
258608
258615
258623
258629
258637
258640
258642
258650
258658
258660
258664
258672
258682
258687
258691
258701
258707
258717
258727
258727
258731
258736
258746
258747
258751
258754
258756
258759
258765
258768
258772
258780
258789
258799
258809
258814
258816
258817
258819
258820
258829
258831
258837
258839
258844
258844
258846
258852
258856
258859
258866
258869
258874
258882
258886
258890
258890
258893
258895
258905
258910
258915
258917
258921
258927
258934
258943
258948
258952
258958
258964
258973
258981
258989
258989
258992
258999
259003
259013
259019
259021
259029
259037
259041
259050
259053
259058
259063
259069
259073
259082
259090
259099
259108
259117
259117
259117
259123
259131
259133
259136
259145
259146
259151
259159
259159
259167
259174
259182
259187
259188
259195
259202
259202
259208
259209
259210
259218
259222
259229
259230
259240
259245
259254
259262
259263
259270
259280
259288
259295
259303
259312
259315
259325
259333
259336
259345
259350
259356
259364
259371
259376
259380
259381
259382
259384
259389
259393
259401
259408
259411
259420
259422
259431
259437
259447
259451
259461
259471
259478
259485
259486
259489
259495
259497
259497
259497
259499
259506
259513
259515
259522
259528
259534
259535
259543
259551
259559
259567
259577
259582
259582
259590
259594
259604
259609
259614
259618
259618
259626
259631
259640
259644
259653
259657
259665
259670
259677
259677
259685
259691
259694
259700
259707
259715
259721
259726
259733
259733
259737
259743
259743
259745
259749
259755
259757
259767
259775
259780
259788
259792
259792
259794
259797
259797
259802
259810
259815
259820
259821
259823
259829
259833
259837
259839
259843
259853
259856
259857
259867
259867
259875
259877
259884
259889
259892
259901
259902
259906
259906
259906
259906
259914
259916
259918
259922
259926
259929
259930
259936
259939
259942
259949
259954
259955
259965
259965
259972
259978
259982
259984
259992
259999
260004
260007
260016
260022
260032
260034
260044
260047
260055
260059
260066
260074
260084
260093
260096
260099
260102
260103
260103
260104
260113
260118
260127
260137
260142
260148
260158
260166
260166
260170
260174
260176
260176
260178
260186
260194
260194
260199
260205
260205
260211
260219
260229
260232
260233
260233
260234
260237
260237
260239
260244
260246
260251
260255
260260
260261
260268
260270
260277
260280
260282
260283
260293
260299
260306
260312
260321
260327
260327
260337
260345
260347
260348
260353
260360
260362
260367
260374
260382
260383
260383
260383
260387
260397
260406
260416
260421
260422
260431
260440
260443
260451
260457
260463
260465
260474
260481
260491
260496
260503
260507
260513
260522
260524
260532
260537
260538
260540
260544
260549
260559
260560
260561
260570
260576
260578
260588
260591
260592
260597
260599
260600
260603
260610
260620
260628
260638
260642
260648
260658
260665
260670
260676
260685
260685
260692
260696
260700
260700
260708
260708
260712
260721
260721
260722
260724
260725
260728
260728
260735
260735
260745
260750
260756
260761
260763
260767
260769
260772
260778
260780
260783
260792
260794
260800
260810
260817
260821
260821
260829
260829
260833
260843
260844
260848
260850
260850
260850
260855
260858
260858
260862
260864
260869
260873
260880
260882
260888
260890
260896
260899
260900
260909
260911
260921
260924
260929
260932
260940
260942
260942
260944
260953
260955
260955
260960
260965
260972
260972
260979
260988
260989
260995
261003
261003
261011
261011
261012
261022
261023
261029
261031
261034
261034
261039
261049
261053
261055
261060
261060
261070
261072
261078
261086
261092
261095
261095
261095
261100
261106
261113
261116
261117
261124
261133
261141
261148
261150
261151
261161
261163
261169
261172
261177
261179
261189
261199
261207
261212
261215
261216
261224
261233
261233
261243
261252
261255
261256
261258
261265
261265
261272
261278
261279
261281
261284
261292
261294
261301
261305
261309
261316
261326
261326
261326
261330
261335
261335
261336
261339
261339
261344
261348
261353
261359
261366
261376
261377
261378
261384
261390
261390
261400
261400
261410
261413
261417
261422
261425
261429
261433
261435
261445
261451
261451
261453
261461
261468
261475
261485
261490
261491
261494
261501
261509
261512
261512
261514
261523
261525
261526
261527
261534
261544
261554
261562
261570
261580
261587
261590
261599
261605
261614
261616
261620
261622
261631
261640
261644
261648
261655
261658
261661
261671
261681
261689
261693
261700
261706
261716
261723
261733
261742
261745
261746
261749
261758
261763
261770
261777
261782
261787
261793
261794
261803
261812
261822
261824
261824
261830
261839
261847
261856
261862
261864
261872
261873
261877
261884
261886
261890
261894
261900
261904
261912
261918
261923
261928
261935
261938
261939
261949
261952
261959
261968
261970
261974
261984
261991
262001
262004
262010
262010
262017
262027
262027
262033
262036
262040
262042
262051
262051
262061
262066
262075
262083
262093
262098
262103
262108
262115
262121
262129
262130
262138
262146
262152
262155
262161
262162
262170
262178
262188
262198
262208
262213
262223
262225
262230
262233
262240
262242
262247
262247
262248
262248
262254
262263
262265
262271
262274
262275
262276
262279
262288
262289
262294
262301
262306
262310
262315
262321
262321
262327
262329
262335
262337
262347
262351
262355
262364
262371
262374
262375
262376
262385
262395
262402
262405
262413
262422
262425
262433
262441
262449
262455
262464
262465
262474
262480
262483
262487
262495
262498
262503
262513
262516
262523
262531
262539
262539
262542
262549
262558
262566
262574
262574
262574
262584
262591
262599
262604
262609
262609
262619
262620
262625
262627
262633
262641
262646
262653
262659
262663
262670
262674
262680
262684
262691
262694
262694
262698
262706
262711
262810
262909
263005
263104
263200
263293
263391
263485
263580
263678
263777
263870
263965
264064
264155
264245
264340
264438
264535
264634
264727
264827
264918
265018
265115
265211
265301
265396
265489
265583
265675
265769
265865
265963
266057
266151
266246
266338
266438
266530
266625
266718
266817
266909
267006
267103
267199
267293
267390
267484
267581
267680
267774
267871
267964
268060
268152
268242
268341
268431
268523
268620
268715
268805
268905
269004
269095
269195
269288
269384
269477
269576
269671
269762
269856
269948
270043
270138
270234
270326
270417
270507
270601
270691
270781
270874
270966
271056
271153
271247
271343
271440
271534
271630
271727
271822
271917
272009
272103
272198
272295
272393
272483
272579
272670
272769
272866
272966
273064
273158
273258
273348
273440
273539
273635
273728
273818
273909
274005
274095
274188
274283
274377
274469
274567
274662
274761
274856
274947
275039
275135
275233
275329
275422
275515
275615
275705
275796
275886
275986
276076
276172
276264
276359
276450
276543
276637
276736
276834
276928
277028
277121
277211
277311
277410
277501
277600
277692
277790
277887
277982
278073
278171
278271
278366
278466
278557
278651
278743
278833
278931
279026
279122
279213
279309
279404
279496
279588
279682
279777
279870
279960
280058
280154
280251
280348
280441
280538
280633
280724
280824
280922
281018
281110
281208
281306
281400
281497
281593
281683
281781
281874
281966
282064
282160
282257
282349
282445
282535
282628
282726
282824
282918
283018
283118
283216
283316
283408
283508
283605
283703
283795
283891
283987
284078
284177
284274
284374
284471
284566
284665
284756
284854
284944
285044
285144
285243
285333
285423
285519
285611
285703
285797
285897
285994
286090
286185
286275
286372
286466
286565
286664
286764
286863
286962
287054
287146
287242
287338
287437
287537
287635
287730
287828
287922
288013
288108
288202
288298
288397
288491
288584
288684
288784
288877
288976
289069
289159
289256
289347
289437
289527
289619
289718
289814
289911
290010
290105
290202
290301
290394
290494
290585
290678
290772
290872
290969
291066
291156
291246
291343
291436
291536
291627
291725
291816
291910
292000
292094
292188
292284
292375
292471
292568
292660
292757
292853
292947
293046
293143
293243
293334
293424
293523
293616
293711
293806
293902
293993
294088
294183
294282
294379
294473
294567
294657
294748
294845
294944
295040
295134
295233
295325
295417
295508
295601
295692
295785
295885
295984
296077
296173
296272
296367
296466
296565
296658
296757
296850
296941
297031
297129
297219
297314
297414
297507
297606
297702
297795
297887
297982
298072
298168
298267
298358
298456
298549
298649
298743
298834
298925
299025
299118
299209
299301
299394
299491
299586
299677
299776
299874
299974
300065
300165
300262
300361
300459
300555
300653
300746
300841
300937
301029
301123
301217
301311
301404
301502
301602
301696
301787
301885
301975
302071
302164
302264
302360
302457
302552
302646
302744
302835
302934
303025
303123
303218
303311
303409
303502
303594
303692
303782
303877
303973
304066
304158
304253
304348
304440
304540
304632
304722
304820
304917
305017
305111
305206
305299
305398
305495
305594
305685
305785
305878
305976
306071
306170
306270
306369
306467
306567
306657
306755
306848
306947
307045
307140
307238
307331
307424
307519
307610
307709
307800
307893
307990
308080
308174
308273
308368
308465
308556
308649
308747
308843
308933
309027
309125
309221
309320
309415
309505
309600
309693
309783
309880
309974
310073
310167
310263
310357
310447
310541
310637
310731
310828
310928
311019
311113
311212
311306
311397
311496
311595
311685
311775
311869
311967
312064
312155
312246
312346
312439
312530
312627
312721
312817
312907
313005
313103
313193
313290
313384
313484
313584
313683
313779
313871
313967
314064
314159
314259
314352
314442
314538
314630
314728
314824
314923
315016
315114
315207
315303
315399
315494
315594
315689
315780
315873
315969
316069
316166
316257
316349
316445
316540
316636
316736
316835
316927
317027
317125
317223
317314
317406
317504
317599
317691
317784
317879
317969
318067
318166
318262
318352
318449
318540
318632
318729
318828
318927
319023
319120
319217
319312
319403
319501
319593
319686
319784
319875
319972
320072
320169
320265
320362
320457
320553
320653
320746
320840
320931
321027
321125
321225
321322
321419
321513
321612
321703
321796
321894
321986
322083
322182
322276
322367
322459
322559
322651
322750
322845
322941
323035
323130
323228
323321
323413
323512
323603
323695
323789
323889
323980
324079
324174
324274
324372
324463
324555
324654
324748
324840
324934
325030
325123
325216
325311
325405
325499
325589
325681
325775
325869
325959
326052
326142
326233
326324
326416
326506
326597
326693
326789
326883
326975
327065
327158
327252
327349
327447
327539
327639
327735
327826
327924
328015
328113
328211
328308
328402
328498
328594
328691
328787
328886
328983
329083
329178
329268
329359
329449
329549
329649
329747
329844
329939
330036
330128
330224
330319
330415
330512
330608
330700
330796
330886
330985
331083
331179
331269
331366
331462
331558
331653
331751
331849
331943
332036
332129
332220
332317
332417
332508
332606
332698
332793
332891
332990
333085
333181
333271
333367
333461
333551
333645
333743
333836
333927
334025
334121
334220
334312
334410
334509
334608
334707
334798
334895
334985
335081
335177
335277
335375
335470
335570
335664
335764
335859
335953
336044
336134
336230
336330
336421
336516
336611
336701
336797
336895
336988
337083
337174
337266
337358
337452
337548
337638
337734
337827
337925
338015
338107
338198
338295
338391
338483
338575
338675
338770
338860
338953
339047
339147
339237
339327
339426
339519
339613
339709
339801
339900
339990
340088
340188
340286
340380
340472
340566
340659
340759
340859
340955
341048
341145
341243
341340
341437
341528
341624
341722
341812
341912
342007
342100
342198
342294
342391
342489
342588
342683
342774
342865
342961
343054
343152
343242
343338
343432
343532
343625
343722
343820
343910
344006
344101
344191
344283
344380
344470
344563
344663
344762
344854
344949
345039
345129
345228
345325
345425
345520
345615
345713
345803
345901
345994
346086
346176
346269
346364
346459
346549
346645
346740
346839
346932
347027
347126
347217
347311
347407
347506
347606
347704
347798
347896
347987
348081
348173
348266
348363
348459
348559
348657
348757
348853
348943
349043
349139
349235
349328
349426
349525
349625
349721
349812
349904
349997
350089
350183
350273
350366
350460
350557
350651
350751
350849
350943
351035
351132
351227
351327
351426
351520
351614
351713
351804
351895
351993
352093
352189
352284
352379
352478
352574
352664
352757
352856
352948
353040
353134
353228
353322
353422
353514
353614
353710
353800
353894
353988
354084
354176
354266
354361
354453
354550
354640
354736
354829
354928
355026
355119
355217
355315
355407
355503
355594
355691
355791
355883
355974
356072
356164
356254
356349
356443
356543
356637
356736
356829
356925
357019
357109
357199
357292
357391
357490
357587
357684
357781
357874
357971
358062
358156
358252
358344
358434
358525
358619
358716
358816
358907
359004
359096
359193
359291
359385
359483
359580
359677
359769
359869
359966
360056
360155
360253
360344
360437
360536
360627
360725
360822
360914
361004
361102
361192
361285
361381
361476
361566
361662
361754
361850
361949
362041
362135
362232
362328
362428
362523
362622
362713
362813
362909
363003
363102
363199
363290
363389
363483
363578
363677
363772
363866
363963
364062
364152
364250
364343
364434
364534
364629
364725
364825
364923
365021
365113
365203
365299
365399
365497
365593
365687
365787
365881
365976
366072
366172
366266
366356
366451
366541
366631
366723
366820
366920
367010
367100
367193
367290
367381
367476
367570
367665
367756
367850
367949
368047
368147
368241
368337
368429
368520
368611
368710
368804
368900
368992
369083
369182
369278
369370
369461
369553
369653
369752
369844
369938
370028
370118
370208
370307
370402
370501
370596
370694
370791
370891
370989
371081
371172
371268
371366
371463
371562
371653
371743
371838
371932
372027
372122
372222
372312
372405
372500
372590
372689
372786
372886
372982
373079
373170
373268
373365
373461
373552
373647
373737
373830
373923
374019
374109
374204
374304
374395
374486
374586
374683
374779
374872
374967
375063
375153
375251
375344
375442
375536
375626
375721
375821
375921
376011
376108
376203
376302
376399
376490
376589
376688
376787
376883
376973
377065
377162
377260
377354
377447
377547
377647
377746
377837
377937
378027
378121
378217
378308
378408
378505
378602
378699
378789
378883
378973
379071
379161
379257
379352
379452
379548
379646
379740
379839
379938
380034
380126
380220
380310
380410
380509
380599
380696
380790
380890
380988
381084
381184
381280
381370
381461
381553
381648
381745
381835
381926
382026
382126
382225
382324
382417
382515
382607
382698
382790
382881
382979
383072
383169
383265
383365
383456
383548
383646
383745
383839
383934
384030
384128
384228
384328
384420
384514
384606
384703
384795
384895
384995
385092
385188
385281
385379
385476
385569
385669
385760
385855
385947
386043
386140
386230
386324
386416
386515
386611
386704
386801
386899
386999
387097
387190
387285
387378
387470
387568
387663
387760
387859
387959
388051
388151
388249
388348
388441
388537
388629
388729
388823
388922
389017
389117
389215
389314
389407
389504
389603
389701
389792
389890
389983
390074
390170
390268
390365
390465
390562
390656
390747
390845
390942
391034
391132
391222
391313
391410
391509
391603
391695
391792
391888
391982
392082
392177
392277
392372
392466
392564
392657
392753
392850
392948
393038
393138
393230
393321
393418
393509
393602
393696
393791
393889
393983
394082
394172
394262
394360
394456
394556
394646
394740
394834
394924
395023
395115
395213
395307
395399
395494
395593
395691
395791
395882
395978
396072
396172
396272
396370
396460
396553
396650
396746
396838
396934
397024
397118
397211
397311
397403
397500
397599
397697
397797
397890
397986
398078
398168
398261
398358
398448
398546
398640
398735
398831
398927
399019
399111
399201
399291
399388
399485
399575
399671
399771
399862
399962
400060
400157
400255
400350
400448
400539
400634
400727
400820
400918
401016
401112
401202
401298
401395
401494
401589
401682
401772
401863
401961
402060
402154
402254
402349
402445
402545
402638
402738
402832
402929
403028
403126
403220
403311
403409
403500
403594
403691
403788
403885
403985
404079
404176
404274
404364
404463
404557
404655
404745
404835
404935
405035
405128
405225
405316
405416
405515
405612
405702
405796
405892
405987
406085
406181
406276
406370
406460
406554
406650
406746
406842
406932
407026
407118
407211
407301
407400
407494
407590
407684
407784
407881
407974
408071
408166
408263
408357
408450
408549
408645
408736
408831
408929
409023
409122
409216
409309
409408
409500
409590
409684
409782
409882
409980
410079
410170
410261
410351
410446
410537
410637
410731
410822
410914
411008
411101
411196
411288
411385
411484
411584
411678
411769
411864
411958
412056
412155
412247
412347
412437
412535
412630
412723
412822
412917
413008
413107
413204
413304
413403
413500
413594
413694
413790
413889
413981
414079
414175
414271
414367
414467
414567
414665
414761
414858
414953
415052
415144
415244
415336
415430
415529
415620
415713
415812
415911
416009
416105
416195
416290
416382
416474
416568
416668
416762
416854
416954
417045
417135
417234
417330
417430
417527
417625
417715
417808
417899
417996
418089
418181
418271
418366
418459
418550
418642
418736
418832
418922
419012
419103
419201
419295
419395
419489
419581
419679
419774
419870
419970
420069
420164
420260
420360
420460
420553
420644
420735
420831
420927
421021
421113
421210
421310
421400
421492
421585
421681
421779
421877
421974
422067
422159
422256
422351
422450
422541
422640
422732
422823
422915
423007
423103
423194
423294
423384
423476
423576
423668
423759
423856
423949
424048
424141
424236
424330
424426
424517
424608
424698
424793
424890
424988
425085
425185
425283
425377
425472
425564
425654
425754
425848
425941
426035
426131
426229
426326
426422
426518
426613
426712
426807
426904
426994
427084
427181
427279
427376
427473
427564
427657
427748
427844
427938
428038
428136
428234
428334
428431
428528
428624
428717
428815
428914
429005
429105
429197
429291
429386
429479
429570
429666
429764
429860
429950
430043
430140
430238
430335
430426
430520
430610
430705
430799
430890
430989
431081
431179
431272
431369
431465
431563
431657
431755
431854
431953
432051
432143
432240
432332
432425
432516
432614
432708
432807
432907
433005
433100
433191
433286
433386
433480
433580
433679
433775
433872
433964
434061
434160
434258
434355
434446
434536
434633
434726
434817
434907
435007
435106
435205
435302
435395
435489
435583
435677
435771
435870
435970
436066
436164
436261
436353
436448
436539
436639
436732
436831
436927
437018
437115
437215
437305
437401
437495
437593
437683
437778
437869
437960
438057
438157
438252
438349
438446
438545
438644
438737
438831
438927
439017
439117
439214
439307
439403
439497
439597
439695
439794
439888
439980
440074
440164
440256
440356
440454
440549
440645
440744
440835
440925
441025
441123
441217
441317
441415
441510
441609
441709
441806
441904
442004
442096
442195
442292
442386
442485
442575
442670
442760
442855
442948
443044
443134
443227
443319
443417
443507
443606
443697
443788
443878
443972
444072
444171
444265
444362
444452
444549
444648
444744
444835
444926
445026
445120
445220
445310
445408
445498
445594
445684
445774
445871
445965
446058
446156
446253
446351
446448
446546
446638
446731
446822
446912
447009
447101
447192
447284
447383
447473
447570
447662
447755
447849
447942
448032
448125
448224
448323
448418
448514
448604
448701
448794
448887
448983
449077
449172
449266
449362
449455
449554
449649
449742
449840
449934
450025
450115
450209
450304
450396
450496
450593
450691
450785
450882
450977
451072
451164
451258
451353
451450
451550
451640
451735
451835
451932
452027
452123
452214
452314
452406
452500
452598
452698
452789
452883
452983
453077
453172
453271
453369
453461
453558
453650
453740
453839
453933
454032
454123
454216
454314
454412
454511
454611
454707
454807
454897
454988
455085
455178
455271
455369
455461
455551
455648
455746
455837
455927
456020
456115
456207
456299
456389
456489
456585
456675
456775
456866
456966
457056
457151
457250
457346
457446
457538
457630
457720
457816
457915
458014
458114
458210
458300
458393
458489
458586
458679
458779
458872
458967
459057
459154
459254
459351
459445
459545
459643
459737
459832
459923
460020
460110
460205
460301
460399
460497
460594
460689
460780
460878
460970
461067
461163
461259
461349
461440
461534
461627
461722
461812
461911
462011
462109
462208
462299
462390
462484
462577
462667
462765
462860
462950
463050
463144
463236
463336
463433
463524
463615
463710
463803
463898
463992
464083
464177
464275
464373
464468
464565
464662
464760
464860
464957
465049
465144
465234
465334
465427
465521
465616
465715
465809
465900
465993
466086
466176
466276
466373
466465
466563
466654
466754
466854
466952
467049
467148
467241
467338
467430
467526
467618
467718
467815
467914
468010
468108
468201
468292
468383
468481
468580
468677
468776
468869
468961
469059
469158
469249
469348
469442
469533
469623
469714
469813
469912
470004
470102
470202
470293
470388
470479
470576
470674
470770
470865
470965
471057
471147
471244
471335
471434
471526
471625
471720
471820
471918
472011
472111
472211
472311
472409
472501
472600
472695
472795
472894
472984
473076
473173
473263
473358
473449
473546
473636
473736
473834
473930
474025
474115
474206
474296
474386
474483
474581
474678
474768
474861
474951
475047
475144
475240
475334
475425
475525
475616
475712
475812
475907
476002
476095
476194
476294
476385
476478
476570
476660
476754
476851
476943
477040
477136
477226
477321
477421
477513
477606
477706
477803
477901
477995
478091
478184
478276
478371
478469
478560
478656
478753
478845
478935
479033
479127
479227
479322
479412
479511
479610
479710
479801
479899
479996
480096
480195
480292
480391
480487
480587
480682
480781
480879
480972
481064
481157
481255
481354
481447
481537
481634
481734
481826
481924
482022
482120
482214
482314
482411
482509
482606
482699
482793
482887
482980
483080
483176
483270
483370
483470
483561
483656
483754
483850
483948
484038
484134
484228
484327
484420
484510
484607
484706
484800
484890
484986
485083
485175
485271
485361
485452
485550
485650
485750
485842
485932
486030
486121
486215
486314
486410
486505
486600
486693
486784
486881
486973
487068
487158
487255
487355
487451
487546
487646
487737
487829
487927
488020
488120
488212
488309
488402
488494
488591
488684
488774
488867
488958
489049
489147
489245
489336
489428
489525
489616
489712
489802
489893
489989
490080
490180
490276
490367
490458
490551
490650
490744
490834
490932
491022
491117
491209
491302
491393
491483
491578
491676
491772
491865
491962
492052
492146
492245
492336
492429
492520
492616
492712
492804
492894
492993
493085
493179
493277
493375
493465
493560
493650
493747
493843
493943
494038
494135
494229
494329
494423
494519
494616
494708
494806
494902
494998
495088
495179
495272
495366
495463
495560
495658
495751
495850
495947
496037
496136
496232
496329
496428
496521
496612
496707
496807
496906
497006
497105
497196
497292
497390
497485
497584
497676
497773
497863
497963
498063
498154
498247
498339
498437
498532
498625
498722
498820
498914
499005
499105
499202
499299
499392
499490
499580
499674
499765
499865
499956
500048
500145
500236
500329
500426
