0
1
11
18
27
36
43
44
54
59
61
61
64
68
72
74
75
77
78
82
86
88
93
99
101
106
112
117
120
124
131
140
149
150
155
165
169
177
178
187
192
201
209
214
224
225
226
230
239
247
256
260
264
267
267
274
277
280
286
286
291
294
302
304
313
313
314
314
321
325
333
333
337
344
352
352
352
359
368
368
372
377
385
393
395
397
401
404
404
414
421
425
427
427
430
431
441
447
451
454
459
459
467
474
474
481
482
490
499
500
500
502
506
513
519
523
523
527
532
539
548
554
554
562
568
575
584
589
589
591
599
609
609
617
624
624
629
633
641
645
651
661
670
679
685
688
691
692
694
694
696
699
707
712
713
716
719
725
731
738
743
751
755
758
766
773
776
776
776
777
780
789
791
799
801
804
809
818
820
830
834
843
851
859
859
869
878
879
887
891
891
895
896
900
903
905
905
911
914
915
921
927
932
934
935
938
943
953
961
966
976
984
989
994
1002
1002
1007
1015
1023
1033
1042
1052
1060
1066
1074
1082
1089
1092
1100
1104
1109
1116
1125
1126
1135
1142
1146
1155
1164
1168
1176
1179
1179
1186
1193
1200
1205
1211
1219
1223
1229
1229
1234
1242
1242
1246
1248
1249
1253
1262
1268
1278
1283
1285
1287
1291
1297
1304
1307
1308
1314
1315
1317
1322
1323
1326
1336
1346
1348
1356
1362
1366
1367
1374
1380
1386
1390
1397
1406
1414
1418
1427
1428
1429
1435
1438
1446
1453
1462
1464
1473
1482
1484
1488
1491
1495
1504
1511
1512
1522
1523
1523
1530
1533
1533
1536
1540
1548
1548
1554
1564
1570
1580
1585
1589
1599
1608
1618
1626
1633
1637
1642
1646
1646
1649
1654
1664
1674
1679
1689
1695
1698
1701
1701
1708
1717
1724
1724
1730
1735
1739
1741
1750
1750
1760
1760
1768
1771
1777
1787
1792
1795
1795
1800
1805
1814
1824
1833
1842
1851
1860
1860
1864
1872
1882
1884
1893
1897
1900
1906
1911
1918
1919
1927
1934
1935
1937
1946
1946
1952
1960
1970
1976
1980
1987
1990
1994
1999
2003
2009
2019
2020
2027
2029
2029
2031
2038
2046
2050
2052
2056
2059
2063
2071
2072
2079
2083
2088
2090
2097
2100
2108
2113
2122
2125
2131
2132
2136
2144
2150
2150
2155
2163
2168
2176
2185
2195
2197
2202
2206
2209
2216
2217
2222
2228
2236
2246
2252
2262
2272
2273
2274
2282
2288
2293
2295
2300
2306
2306
2306
2308
2310
2314
2324
2329
2333
2333
2340
2344
2351
2360
2362
2366
2370
2372
2380
2389
2393
2399
2407
2408
2418
2427
2431
2432
2436
2437
2439
2439
2448
2457
2458
2468
2478
2486
2489
2492
2500
2501
2508
2518
2527
2536
2542
2551
2559
2566
2570
2576
2579
2582
2587
2590
2595
2602
2609
2614
2616
2622
2622
2630
2638
2642
2647
2649
2650
2656
2661
2665
2673
2675
2680
2685
2693
2700
2703
2712
2721
2721
2721
2727
2734
2741
2745
2753
2761
2771
2773
2775
2779
2779
2779
2787
2787
2797
2800
2801
2804
2814
2821
2826
2826
2832
2836
2845
2848
2849
2858
2867
2870
2872
2875
2881
2883
2886
2893
2899
2908
2912
2915
2920
2927
2933
2943
2949
2949
2951
2953
2957
2965
2972
2975
2984
2988
2994
2997
3000
3004
3010
3019
3019
3026
3033
3042
3048
3058
3064
3071
3080
3083
3090
3097
3107
3113
3116
3122
3122
3129
3138
3139
3140
3145
3152
3159
3163
3168
3178
3188
3191
3196
3205
3212
3217
3220
3226
3228
3237
3240
3244
3246
3255
3263
3269
3273
3273
3276
3276
3280
3281
3291
3299
3302
3310
3317
3326
3330
3333
3335
3342
3343
3343
3343
3350
3358
3364
3369
3372
3374
3384
3389
3392
3399
3406
3413
3416
3416
3416
3424
3426
3432
3433
3435
3440
3444
3448
3455
3455
3464
3472
3473
3481
3483
3487
3497
3503
3504
3513
3522
3532
3542
3547
3550
3556
3566
3574
3577
3577
3581
3590
3590
3599
3603
3608
3608
3612
3622
3630
3633
3633
3641
3645
3645
3648
3655
3660
3661
3667
3673
3680
3684
3692
3698
3706
3715
3720
3723
3728
3733
3743
3745
3750
3753
3754
3757
3763
3771
3772
3777
3783
3787
3794
3794
3802
3806
3807
3809
3814
3821
3822
3825
3829
3834
3837
3839
3849
3855
3858
3865
3866
3874
3882
3892
3902
3902
3905
3914
3918
3923
3924
3927
3931
3938
3947
3949
3957
3966
3966
3968
3977
3977
3984
3986
3994
4002
4012
4012
4012
4019
4028
4033
4034
4034
4034
4037
4047
4053
4059
4064
4065
4070
4077
4085
4094
4098
4098
4106
4108
4114
4123
4124
4127
4137
4139
4143
4143
4143
4149
4158
4162
4166
4175
4177
4186
4190
4194
4194
4200
4200
4208
4213
4220
4228
4237
4240
4242
4244
4251
4261
4270
4271
4281
4285
4289
4289
4292
4302
4309
4310
4317
4322
4325
4329
4331
4335
4343
4349
4355
4358
4364
4367
4367
4377
4380
4388
4389
4389
4392
4394
4404
4408
4418
4424
4427
4436
4442
4450
4450
4457
4460
4464
4465
4475
4480
4489
4490
4498
4508
4511
4520
4522
4531
4536
4536
4540
4549
4559
4567
4572
4572
4573
4574
4575
4576
4580
4586
4587
4587
4587
4588
4597
4605
4611
4620
4626
4626
4630
4635
4640
4647
4649
4651
4660
4668
4671
4675
4681
4687
4693
4698
4704
4706
4706
4706
4714
4715
4715
4719
4723
4729
4729
4736
4746
4750
4759
4759
4764
4772
4773
4779
4779
4780
4784
4786
4794
4795
4802
4812
4816
4817
4826
4835
4836
4840
4849
4853
4853
4863
4867
4869
4869
4869
4879
4880
4890
4895
4902
4906
4911
4920
4929
4931
4934
4939
4940
4944
4949
4949
4951
4957
4962
4969
4969
4979
4988
4998
4999
5001
5006
5016
5025
5035
5039
5042
5046
5050
5058
5062
5066
5074
5074
5081
5085
5087
5092
5097
5099
5102
5107
5113
5116
5116
5121
5130
5137
5146
5153
5156
5163
5167
5175
5182
5190
5193
5200
5203
5211
5215
5217
5223
5228
5230
5238
5243
5248
5250
5250
5254
5259
5264
5264
5274
5283
5285
5286
5287
5291
5296
5300
5310
5310
5316
5321
5326
5333
5337
5337
5343
5345
5354
5364
5374
5379
5379
5389
5390
5393
5401
5411
5412
5417
5417
5421
5429
5434
5440
5449
5451
5458
5461
5463
5473
5482
5488
5491
5496
5506
5507
5517
5519
5526
5527
5530
5534
5541
5541
5551
5551
5560
5565
5574
5577
5586
5593
5593
5601
5611
5617
5623
5623
5626
5628
5636
5636
5646
5652
5652
5660
5667
5669
5677
5680
5686
5693
5700
5706
5708
5716
5719
5723
5732
5733
5736
5738
5745
5746
5755
5763
5765
5770
5777
5784
5786
5786
5793
5802
5806
5814
5815
5825
5830
5831
5834
5844
5850
5855
5855
5862
5868
5873
5882
5888
5897
5902
5907
5915
5923
5927
5930
5934
5936
5938
5948
5950
5957
5966
5971
5977
5977
5987
5993
5998
6008
6015
6016
6022
6025
6034
6035
6040
6043
6045
6046
6052
6062
6071
6079
6079
6084
6086
6091
6091
6099
6109
6116
6118
6124
6131
6134
6139
6147
6149
6159
6162
6169
6171
6179
6184
6185
6193
6198
6202
6202
6211
6220
6229
6234
6239
6240
6247
6249
6257
6262
6270
6272
6274
6281
6286
6291
6301
6311
6317
6326
6333
6336
6345
6354
6359
6362
6369
6377
6382
6388
6388
6395
6399
6403
6409
6412
6412
6416
6425
6427
6435
6437
6442
6445
6446
6456
6462
6467
6468
6472
6476
6478
6485
6491
6497
6498
6502
6502
6510
6510
6513
6513
6514
6522
6526
6531
6539
6549
6558
6568
6578
6580
6585
6585
6587
6594
6602
6602
6612
6618
6621
6626
6633
6635
6645
6653
6656
6658
6660
6668
6669
6671
6678
6678
6679
6686
6692
6699
6708
6712
6714
6714
6719
6727
6729
6737
6738
6745
6750
6750
6753
6763
6773
6776
6782
6789
6793
6798
6798
6806
6811
6820
6827
6837
6841
6847
6854
6859
6867
6870
6874
6874
6876
6882
6886
6895
6901
6910
6915
6917
6922
6928
6933
6942
6943
6946
6956
6957
6960
6961
6961
6962
6968
6970
6980
6984
6985
6985
6985
6989
6999
7004
7006
7006
7014
7016
7021
7025
7028
7029
7038
7046
7056
7061
7067
7071
7071
7071
7076
7081
7088
7094
7096
7106
7111
7114
7119
7120
7123
7128
7133
7143
7147
7155
7165
7172
7180
7186
7195
7196
7205
7214
7218
7220
7225
7228
7232
7241
7249
7254
7258
7265
7273
7274
7279
7279
7288
7289
7298
7299
7305
7307
7311
7320
7325
7330
7340
7349
7351
7360
7368
7368
7372
7375
7379
7386
7396
7406
7411
7414
7421
7424
7425
7426
7434
7441
7441
7444
7445
7455
7463
7471
7475
7479
7484
7484
7488
7492
7493
7500
7510
7519
7527
7535
7545
7553
7555
7556
7561
7563
7571
7580
7583
7584
7587
7587
7591
7592
7593
7594
7600
7610
7615
7625
7630
7635
7636
7644
7645
7646
7647
7648
7652
7661
7667
7673
7676
7682
7687
7696
7705
7710
7710
7712
7712
7722
7725
7727
7737
7746
7750
7757
7758
7761
7764
7765
7773
7778
7786
7795
7804
7812
7815
7819
7822
7825
7832
7837
7846
7855
7864
7874
7881
7888
7895
7895
7904
7906
7910
7918
7926
7928
7938
7940
7944
7948
7951
7960
7968
7971
7973
7973
7974
7980
7990
7996
8000
8006
8013
8022
8028
8030
8038
8044
8052
8056
8056
8058
8060
8060
8060
8070
8071
8081
8084
8091
8096
8101
8109
8109
8111
8115
8121
8129
8139
8142
8145
8152
8162
8168
8169
8179
8185
8187
8191
8199
8205
8215
8225
8226
8232
8235
8239
8248
8249
8251
8261
8265
8274
8276
8279
8281
8287
8297
8299
8300
8307
8311
8317
8321
8331
8337
8344
8353
8363
8363
8369
8378
8386
8394
8395
8401
8410
8415
8421
8431
8439
8448
8452
8454
8463
8473
8476
8482
8483
8484
8492
8502
8510
8519
8521
8527
8529
8534
8534
8541
8543
8543
8546
8553
8561
8563
8569
8573
8580
8581
8589
8590
8596
8606
8614
8614
8624
8632
8637
8643
8650
8651
8657
8658
8660
8668
8671
8678
8687
8692
8697
8702
8703
8704
8712
8717
8725
8735
8739
8745
8755
8761
8770
8776
8783
8786
8792
8802
8809
8814
8814
8816
8825
8828
8829
8835
8840
8842
8852
8862
8865
8873
8880
8883
8886
8894
8894
8901
8908
8908
8911
8916
8921
8931
8933
8937
8938
8939
8945
8948
8952
8957
8957
8967
8970
8975
8976
8984
8986
8989
8990
8993
9003
9003
9010
9010
9018
9020
9029
9034
9041
9048
9057
9067
9068
9073
9078
9081
9088
9097
9103
9109
9118
9122
9128
9128
9132
9136
9143
9147
9149
9154
9160
9167
9175
9181
9191
9199
9199
9205
9214
9218
9221
9223
9233
9243
9251
9251
9258
9263
9270
9279
9281
9283
9292
9301
9309
9312
9312
9321
9330
9340
9341
9343
9345
9348
9352
9362
9372
9378
9378
9380
9384
9387
9394
9401
9407
9412
9422
9422
9423
9430
9439
9447
9456
9456
9461
9465
9471
9472
9478
9480
9481
9489
9493
9499
9502
9505
9505
9507
9507
9508
9509
9515
9519
9526
9529
9538
9538
9539
9544
9544
9553
9557
9562
9567
9575
9582
9585
9595
9605
9611
9621
9623
9627
9636
9639
9642
9650
9655
9660
9668
9668
9672
9672
9681
9683
9687
9691
9696
9700
9705
9710
9711
9720
9722
9728
9735
9738
9740
9749
9750
9750
9760
9761
9771
9777
9779
9786
9786
9792
9799
9804
9808
9815
9825
9827
9828
9828
9835
9838
9847
9847
9854
9854
9858
9858
9866
9872
9874
9878
9884
9894
9899
9908
9916
9918
9923
9933
9942
9947
9952
9956
9958
9958
9959
9959
9960
9961
9962
9962
9965
9966
9967
9972
9975
9981
9984
9984
9994
9996
10004
10008
10013
10021
10024
10027
10035
10040
10046
10053
10058
10065
10066
10068
10068
10074
10075
10083
10092
10097
10097
10099
10099
10106
10112
10118
10128
10135
10142
10149
10152
10158
10162
10165
10168
10176
10184
10192
10192
10193
10196
10200
10209
10213
10223
10229
10233
10242
10247
10256
10259
10261
10268
10278
10288
10295
10305
10309
10311
10314
10321
10325
10330
10330
10334
10337
10342
10347
10348
10357
10367
10369
10370
10379
10382
10392
10398
10407
10415
10419
10427
10427
10428
10428
10430
10438
10441
10448
10456
10464
10467
10472
10480
10485
10493
10496
10501
10508
10512
10521
10524
10526
10529
10535
10544
10551
10557
10560
10563
10565
10568
10572
10575
10581
10581
10591
10599
10599
10601
10608
10616
10625
10626
10635
10635
10640
10645
10650
10656
10658
10664
10664
10670
10680
10682
10689
10689
10693
10693
10695
10697
10705
10707
10709
10711
10713
10715
10718
10721
10730
10740
10747
10750
10758
10767
10777
10784
10789
10789
10799
10801
10802
10804
10813
10821
10829
10834
10837
10844
10854
10862
10870
10878
10888
10893
10895
10899
10905
10913
10919
10919
10922
10927
10927
10929
10931
10937
10946
10951
10961
10970
10976
10976
10977
10978
10983
10986
10989
10989
10991
10999
11003
11004
11014
11023
11027
11037
11045
11048
11058
11061
11062
11071
11080
11083
11091
11091
11092
11092
11099
11105
11108
11116
11125
11127
11135
11136
11139
11145
11151
11155
11161
11168
11170
11174
11181
11189
11197
11206
11210
11211
11216
11224
11230
11232
11237
11237
11241
11249
11256
11265
11268
11273
11279
11280
11286
11294
11303
11305
11305
11309
11310
11313
11321
11331
11339
11346
11356
11359
11363
11368
11377
11384
11390
11392
11401
11404
11408
11413
11418
11421
11429
11429
11437
11441
11449
11453
11454
11462
11463
11465
11465
11466
11469
11478
11486
11492
11498
11504
11511
11514
11523
11529
11531
11537
11547
11556
11558
11564
11571
11580
11583
11583
11589
11598
11604
11608
11609
11616
11626
11629
11632
11632
11639
11640
11646
11654
11657
11664
11669
11669
11679
11687
11693
11696
11697
11706
11715
11718
11719
11721
11729
11734
11743
11749
11759
11767
11771
11777
11784
11787
11795
11797
11800
11806
11814
11821
11823
11831
11841
11846
11849
11855
11863
11863
11871
11881
11882
11884
11892
11894
11894
11898
11904
11912
11920
11922
11930
11938
11946
11948
11956
11960
11963
11968
11968
11972
11976
11978
11978
11980
11981
11988
11992
11992
12000
12009
12009
12012
12021
12021
12023
12033
12042
12047
12057
12064
12072
12081
12087
12096
12096
12097
12098
12103
12103
12109
12116
12122
12131
12135
12137
12140
12140
12146
12151
12153
12160
12165
12168
12178
12187
12191
12199
12203
12212
12215
12218
12219
12229
12236
12243
12245
12252
12252
12253
12261
12264
12266
12270
12280
12281
12283
12287
12289
12299
12309
12312
12319
12324
12325
12333
12343
12350
12353
12353
12359
12369
12370
12373
12380
12380
12389
12397
12399
12401
12405
12406
12411
12420
12420
12425
12435
12442
12444
12446
12451
12459
12469
12476
12479
12483
12484
12485
12495
12504
12510
12520
12522
12531
12540
12547
12837
13134
13424
13715
14008
14306
14602
14901
15194
15490
15785
16075
16372
16667
16961
17261
17552
17851
18142
18438
18736
19032
19328
19620
19914
20205
20500
20798
21098
21389
21686
21983
22277
22575
22868
23165
23464
23762
24058
24356
24651
24948
25246
25538
25834
26125
26419
26717
27008
27305
27598
27890
28188
28482
28774
29064
29362
29660
29957
30257
30550
30846
31145
31437
31730
32029
32327
32623
32922
33215
33510
33801
34095
34395
34688
34982
35282
35573
35867
36157
36448
36738
37030
37327
37623
37920
38219
38516
38815
39106
39402
39693
39991
40289
40585
40875
41166
41463
41761
42054
42351
42644
42936
43231
43523
43820
44114
44404
44694
44985
45283
45581
45871
46168
46460
46759
47058
47353
47648
47943
48243
48538
48830
49126
49422
49721
50021
50318
50614
50908
51205
51496
51786
52081
52373
52666
52964
53257
53557
53853
54144
54435
54729
55019
55314
55608
55898
56196
56492
56787
57086
57379
57679
57977
58267
58558
58856
59146
59439
59734
60030
60322
60614
60911
61203
61502
61800
62100
62392
62686
62977
63270
63569
63864
64154
64448
64748
65040
65339
65633
65926
66216
66514
66813
67105
67401
67695
67988
68278
68578
68875
69170
69462
69761
70052
70342
70639
70936
71229
71526
71820
72116
72416
72713
73009
73302
73600
73894
74189
74485
74777
75076
75373
75664
75959
76251
76551
76847
77144
77434
77731
78025
78319
78611
78907
79201
79494
79784
80082
80375
80674
80967
81266
81558
81854
82146
82439
82738
83036
83334
83633
83932
84225
84516
84806
85099
85398
85692
85983
86274
86567
86861
87159
87453
87748
88043
88333
88629
88925
89222
89518
89814
90112
90403
90695
90987
91279
91571
91861
92158
92455
92751
93051
93347
93640
93935
94233
94532
94825
95116
95409
95707
96003
96298
96596
96887
97179
97479
97776
98068
98359
98659
98957
99254
99550
99842
100132
100425
100723
101023
101318
101611
101902
102193
102485
102775
103068
103367
103665
103959
104254
104551
104846
105141
105432
105728
106028
106325
106619
106918
107213
107510
107804
108098
108392
108687
108986
109276
109568
109864
110163
110463
110758
111048
111339
111639
111936
112233
112526
112820
113110
113406
113698
113991
114282
114574
114864
115161
115457
115755
116050
116348
116641
116939
117239
117533
117831
118126
118421
118717
119012
119312
119611
119902
120193
120493
120792
121085
121379
121678
121976
122269
122560
122853
123145
123445
123739
124032
124325
124615
124911
125201
125496
125795
126095
126392
126682
126975
127265
127565
127855
128150
128446
128744
129035
129335
129632
129931
130225
130517
130812
131102
131393
131692
131984
132282
132577
132872
133172
133464
133754
134052
134348
134641
134941
135240
135538
135829
136121
136420
136720
137014
137308
137599
137893
138189
138489
138786
139077
139374
139664
139958
140255
140545
140835
141133
141424
141714
142006
142296
142592
142890
143187
143478
143768
144058
144349
144644
144941
145235
145533
145824
146114
146411
146709
147004
147294
147585
147880
148177
148471
148763
149061
149360
149655
149949
150246
150546
150838
151136
151433
151728
152018
152312
152602
152895
153192
153490
153784
154078
154374
154674
154970
155269
155561
155851
156148
156444
156741
157037
157328
157627
157918
158210
158510
158802
159096
159388
159687
159984
160276
160572
160865
161163
161457
161752
162044
162334
162632
162929
163224
163521
163814
164112
164411
164704
164994
165293
165589
165880
166171
166471
166770
167060
167354
167649
167940
168231
168525
168820
169120
169414
169708
169998
170289
170581
170881
171179
171470
171768
172067
172367
172665
172965
173258
173550
173848
174144
174436
174726
175016
175308
175602
175892
176186
176485
176783
177075
177367
177664
177961
178254
178549
178848
179146
179436
179732
180031
180329
180629
180927
181222
181521
181815
182115
182413
182704
183003
183296
183592
183886
184177
184469
184768
185059
185349
185639
185936
186231
186526
186822
187118
187409
187704
188004
188301
188600
188896
189192
189483
189778
190074
190364
190663
190957
191254
191548
191840
192137
192437
192730
193022
193320
193616
193910
194203
194497
194789
195083
195383
195678
195970
196266
196559
196850
197141
197438
197729
198022
198317
198609
198905
199201
199491
199786
200082
200382
200679
200969
201259
201557
201848
202140
202438
202737
203028
203324
203621
203912
204207
204504
204800
205098
205389
205687
205985
206278
206573
206864
207154
207451
207750
208048
208338
208630
208921
209221
209521
209819
210116
210408
210704
210996
211288
211578
211871
212164
212458
212754
213049
213348
213647
213937
214236
214533
214824
215123
215417
215708
216005
216303
216595
216885
217184
217480
217777
218073
218364
218662
218957
219250
219547
219846
220142
220441
220741
221039
221336
221626
221916
222212
222512
222808
223106
223396
223686
223980
224280
224579
224870
225165
225464
225758
226053
226343
226638
226933
227229
227521
227821
228119
228412
228708
229005
229299
229596
229889
230186
230485
230782
231073
231364
231659
231953
232245
232543
232843
233141
233437
233727
234017
234310
234607
234897
235187
235479
235776
236075
236370
236666
236960
237251
237551
237850
238148
238445
238740
239037
239329
239622
239915
240211
240507
240806
241106
241396
241690
241983
242282
242577
242868
243168
243466
243763
244059
244358
244653
244947
245245
245538
245832
246129
246429
246728
247027
247319
247610
247901
248201
248497
248789
249083
249374
249669
249966
250262
250552
250851
251143
251440
251736
252032
252327
252627
252917
253215
253511
253805
254098
254390
254682
254977
255268
255559
255859
256154
256454
256754
257052
257349
257643
257942
258238
258531
258831
259126
259419
259718
260017
260312
260603
260899
261199
261490
261780
262079
262377
262667
262959
263249
263549
263841
264141
264439
264737
265034
265327
265619
265913
266209
266500
266800
267092
267388
267681
267975
268273
268569
268868
269161
269460
269750
270048
270342
270634
270929
271225
271520
271816
272115
272413
272708
272998
273289
273584
273875
274168
274464
274759
275058
275355
275655
275946
276243
276542
276837
277135
277435
277732
278023
278321
278615
278907
279197
279491
279787
280079
280374
280668
280965
281261
281559
281859
282151
282443
282736
283031
283325
283619
283915
284211
284509
284800
285097
285393
285691
285981
286281
286572
286866
287157
287452
287744
288034
288329
288622
288921
289212
289507
289806
290105
290396
290690
290986
291281
291576
291870
292163
292461
292758
293050
293345
293641
293936
294235
294534
294831
295124
295415
295711
296004
296301
296596
296890
297184
297477
297771
298068
298361
298659
298957
299253
299553
299849
300149
300441
300736
301030
301324
301615
301908
302205
302499
302789
303080
303378
303668
303967
304258
304558
304853
305153
305446
305742
306039
306330
306622
306920
307210
307505
307799
308093
308385
308683
308981
309271
309562
309860
310153
310446
310743
311042
311333
311625
311916
312207
312505
312800
313094
313394
313692
313992
314285
314577
314875
315167
315464
315762
316059
316352
316649
316942
317236
317526
317817
318112
318411
318705
318999
319293
319586
319886
320177
320477
320775
321074
321365
321658
321955
322251
322542
322838
323129
323420
323716
324006
324302
324594
324890
325180
325471
325768
326066
326361
326661
326956
327246
327543
327840
328137
328428
328724
329017
329317
329607
329907
330204
330501
330797
331092
331383
331679
331971
332262
332558
332851
333148
333438
333737
334034
334333
334630
334929
335228
335528
335819
336112
336412
336712
337007
337305
337603
337896
338191
338489
338784
339077
339371
339670
339967
340267
340560
340858
341154
341447
341741
342041
342335
342633
342924
343218
343512
343811
344102
344399
344689
344979
345278
345573
345867
346162
346458
346752
347051
347349
347645
347944
348242
348537
348830
349126
349420
349717
350010
350306
350606
350897
351193
351492
351789
352089
352379
352674
352973
353264
353560
353855
354149
354444
354740
355033
355330
355625
355922
356212
356505
356795
357091
357384
357681
357975
358266
358566
358859
359157
359450
359747
360043
360341
360637
360935
361229
361524
361815
362111
362405
362703
363000
363295
363586
363881
364177
364469
364769
365063
365356
365656
365952
366247
366541
366837
367135
367433
367724
368019
368313
368609
368909
369200
369496
369794
370094
370393
370693
370988
371288
371581
371876
372174
372468
372768
373058
373351
373646
373936
374235
374530
374823
375114
375414
375705
376000
376294
376593
376889
377187
377487
377781
378074
378366
378665
378957
379251
379547
379841
380139
380429
380724
381016
381309
381599
381898
382189
382484
382781
383073
383366
383661
383952
384242
384541
384833
385125
385418
385712
386011
386307
386607
386901
387199
387495
387794
388085
388376
388671
388969
389261
389554
389854
390151
390451
390750
391045
391339
391637
391928
392220
392517
392815
393112
393406
393698
393992
394290
394584
394876
395175
395474
395773
396069
396369
396661
396959
397254
397552
397848
398140
398440
398736
399033
399329
399622
399922
400217
400511
400807
401104
401404
401703
401996
402291
402589
402888
403178
403475
403769
404064
404358
404657
404947
405239
405535
405827
406121
406415
406712
407011
407310
407603
407899
408198
408498
408798
409098
409392
409689
409985
410283
410581
410880
411175
411465
411758
412050
412342
412636
412930
413225
413515
413805
414103
414397
414690
414989
415285
415585
415883
416178
416478
416777
417067
417358
417648
417946
418243
418539
418839
419132
419427
419718
420018
420309
420599
420899
421196
421496
421787
422077
422376
422674
422972
423269
423560
423858
424154
424446
424746
425042
425341
425639
425930
426224
426521
426812
427112
427405
427702
427998
428291
428590
428880
429174
429468
429758
430056
430353
430652
430949
431244
431542
431840
432138
432431
432721
433016
433312
433607
433897
434196
434487
434783
435080
435377
435670
435964
436261
436561
436856
437147
437437
437729
438027
438320
438612
438912
439206
439500
439796
440087
440387
440680
440978
441272
441568
441862
442159
442455
442746
443045
443336
443634
443927
444217
444516
444808
445102
445401
445699
445998
446298
446594
446887
447180
447477
447767
448065
448355
448650
448944
449236
449529
449827
450117
450408
450703
450995
451289
451582
451872
452167
452461
452757
453051
453345
453644
453936
454226
454526
454825
455125
455417
455709
456006
456300
456598
456896
457196
457487
457778
458073
458372
458669
458959
459252
459546
459837
460129
460423
460716
461016
461313
461608
461905
462200
462500
462796
463088
463385
463676
463973
464267
464565
464858
465148
465446
465743
466038
466338
466631
466931
467229
467521
467818
468110
468400
468691
468987
469287
469577
469867
470160
470457
470753
471048
471345
471642
471933
472224
472516
472816
473112
473408
473706
474001
474296
474594
474889
475185
475476
475771
476063
476356
476650
476941
477231
477530
477820
478117
478407
478702
478998
479288
479587
479882
480174
480470
480760
481053
481343
481633
481928
482223
482515
482810
483101
483399
483692
483990
484286
484579
484871
485168
485468
485764
486063
486354
486649
486942
487241
487536
487830
488125
488422
488721
489013
489303
489599
489894
490194
490485
490776
491067
491366
491656
491947
492237
492528
492828
493118
493416
493707
493999
494289
494588
494881
495180
495479
495771
496068
496363
496658
496956
497256
497556
497848
498138
498432
498726
499019
499318
499616
499910
500202
500495
500785
501084
501379
501676
501970
502265
502561
502854
503152
503442
503732
504024
504320
504614
504906
505198
505489
505784
506078
506375
506673
506973
507270
507562
507857
508147
508443
508743
509039
509330
509621
509916
510206
510506
510797
511093
511391
511689
511980
512278
512573
512869
513169
513459
513757
514050
514341
514636
514931
515229
515525
515825
516118
516412
516705
516996
517291
517582
517872
518164
518455
518746
519041
519341
519635
519931
520225
520523
520823
521113
521411
521711
522008
522299
522590
522884
523178
523468
523766
524063
524363
524657
524947
525241
525537
525836
526134
526434
526734
527030
527330
527620
527920
528218
528510
528802
529092
529384
529683
529975
530275
530569
530860
531153
531445
531741
532035
532329
532628
532922
533215
533505
533802
534099
534394
534689
534987
535281
535577
535869
536159
536450
536741
537033
537323
537614
537907
538201
538494
538787
539080
539370
539663
539962
540257
540549
540840
541134
541424
541718
542013
542305
542597
542887
543184
543483
543781
544074
544365
544661
544954
545254
545551
545841
546134
546427
546717
547008
547308
547599
547897
548188
548480
548773
549069
549369
549667
549966
550264
550564
550856
551146
551441
551738
552029
552321
552620
552917
553215
553514
553811
554111
554407
554707
554999
555297
555595
555888
556178
556471
556763
557056
557350
557647
557937
558229
558529
558821
559111
559410
559707
560001
560291
560588
560886
561181
561480
561776
562071
562367
562664
562954
563248
563548
563840
564138
564436
564733
565023
565319
565619
565918
566209
566503
566793
567087
567385
567677
567967
568258
568555
568850
569144
569437
569737
570035
570325
570622
570916
571210
571505
571799
572098
572393
572683
572980
573279
573575
573873
574165
574459
574752
575050
575345
575640
575936
576234
576527
576820
577115
577409
577705
577998
578294
578588
578885
579180
579479
579778
580074
580368
580661
580959
581257
581554
581844
582144
582438
582732
583031
583324
583616
583909
584207
584505
584795
585088
585386
585677
585977
586271
586563
586858
587155
587447
587740
588037
588330
588628
588924
589216
589506
589799
590093
590389
590682
590981
591281
591574
591866
592158
592453
592749
593039
593335
593632
593930
594225
594519
594818
595110
595402
595699
595991
596282
596581
596874
597164
597457
597747
598037
598329
598621
598919
599212
599510
599806
600098
600393
600684
600981
601275
601569
601863
602156
602455
602755
603052
603342
603632
603922
604214
604514
604809
605099
605389
605679
605973
606263
606560
606860
607160
607455
607750
608041
608334
608624
608920
609220
609518
609813
610104
610403
610699
610989
611286
611585
611877
612169
612469
612765
613055
613349
613640
613930
614221
614520
614820
615116
615412
615711
616008
616305
616604
616902
617194
617489
617780
618074
618364
618656
618949
619239
619534
619829
620127
620427
620727
621026
621323
621614
621913
622212
622506
622805
623101
623393
623688
623981
624279
624570
624864
625163
625461
625755
626051
626347
626645
626945
627235
627531
627830
628129
628428
628721
629016
629309
629606
629901
630194
630490
630789
631079
631378
631672
631965
632262
632562
632862
633155
633447
633747
634046
634337
634636
634932
635227
635521
635814
636112
636412
636705
637004
637295
637591
637882
638182
638474
638769
639063
639353
639653
639946
640236
640535
640827
641120
641419
641711
642005
642302
642599
642891
643188
643483
643775
644065
644362
644652
644949
645246
645536
645828
646122
646422
646717
647013
647310
647608
647903
648198
648498
648795
649087
649378
649668
649958
650250
650547
650839
651137
651435
651730
652020
652311
652608
652904
653204
653496
653789
654085
654382
654679
654976
655269
655559
655857
656152
656445
656743
657035
657326
657618
657914
658210
658501
658791
659082
659382
659673
659966
660263
660554
660847
661141
661437
661733
662030
662329
662627
662922
663216
663507
663800
664098
664396
664688
664978
665277
665572
665864
666155
666445
666744
667043
667339
667630
667927
668226
668517
668815
669105
669397
669690
669986
670285
670581
670879
671173
671467
671759
672050
672348
672648
672946
673241
673538
673834
674125
674419
674718
675018
675310
675601
675894
676186
676480
676780
677077
677370
677669
677969
678265
678563
678861
679152
679449
679743
680033
680330
680627
680926
681217
681510
681804
682100
682399
682690
682988
683285
683583
683876
684176
684470
684764
685058
685354
685644
685943
686235
686529
686819
687114
687411
687710
688010
688310
688604
688900
689194
689493
689786
690079
690370
690662
690954
691246
691541
691833
692125
692421
692717
693014
693313
693605
693895
694185
694485
694779
695077
695371
695667
695961
696259
696554
696853
697143
697433
697727
698018
698314
698604
698900
699195
699489
699782
700073
700366
700660
700952
701249
701543
701843
702138
702431
702730
703029
703322
703619
703919
704218
704509
704800
705094
705385
705680
705975
706271
706571
706869
707169
707469
707759
708054
708348
708642
708940
709236
709531
709827
710126
710418
710709
711009
711301
711599
711889
712180
712479
712775
713070
713360
713659
713958
714256
714553
714851
715146
715440
715734
716033
716331
716622
716922
717221
717516
717809
718106
718401
718700
718998
719294
719589
719883
720180
720471
720770
721069
721361
721657
721948
722238
722537
722833
723132
723422
723722
724016
724316
724611
724909
725201
725497
725795
726085
726381
726677
726972
727264
727564
727861
728151
728442
728742
729038
729329
729624
729915
730214
730512
730807
731107
731400
731695
731995
732291
732586
732882
733175
733474
733765
734062
734353
734648
734939
735233
735525
735822
736112
736404
736694
736985
737281
737574
737867
738163
738455
738753
739043
739340
739635
739926
740216
740516
740813
741106
741405
741703
742003
742294
742585
742882
743175
743470
743761
744058
744356
744653
744945
745240
745540
745831
746124
746422
746722
747015
747314
747606
747898
748189
748487
748782
749080
749373
749664
749959
749966
749968
749968
749973
749981
749989
749994
749995
750003
750004
750005
750009
750015
750024
750025
750027
750030
750030
750037
750043
750046
750054
750064
750072
750075
750083
750088
750098
750099
750104
750106
750110
750118
750125
750127
750129
750132
750133
750133
750140
750145
750155
750161
750164
750168
750178
750182
750188
750193
750201
750207
750209
750219
750221
750231
750236
750241
750245
750249
750256
750260
750261
750271
750272
750277
750284
750285
750294
750295
750299
750301
750310
750314
750317
750320
750330
750336
750341
750351
750357
750358
750359
750359
750364
750368
750378
750380
750387
750389
750389
750390
750390
750395
750401
750411
750411
750421
750428
750433
750437
750438
750443
750443
750443
750443
750449
750456
750459
750459
750468
750475
750483
750493
750498
750502
750510
750512
750514
750523
750529
750539
750543
750548
750556
750560
750568
750568
750573
750581
750586
750594
750596
750598
750600
750602
750602
750611
750616
750617
750627
750635
750637
750644
750644
750644
750645
750653
750661
750670
750673
750679
750680
750680
750690
750690
750694
750701
750703
750708
750716
750718
750722
750725
750727
750733
750743
750747
750749
750751
750753
750763
750768
750775
750777
750778
750778
750779
750780
750780
750786
750789
750795
750796
750806
750813
750817
750826
750826
750830
750830
750837
750840
750840
750846
750852
750858
750867
750870
750878
750884
750886
750892
750892
750893
750900
750907
750908
750918
750918
750918
750922
750932
750940
750948
750952
750958
750962
750971
750974
750981
750987
750988
750994
750999
751005
751008
751017
751017
751024
751025
751028
751038
751046
751048
751052
751057
751062
751065
751073
751079
751082
751091
751099
751104
751114
751123
751125
751132
751134
751138
751139
751143
751147
751156
751162
751164
751170
751177
751181
751182
751185
751189
751193
751198
751199
751208
751217
751217
751226
751235
751239
751246
751256
751261
751265
751271
751279
751287
751297
751298
751304
751309
751312
751314
751316
751321
751321
751330
751338
751345
751345
751354
751356
751364
751365
751372
751372
751374
751381
751384
751394
751398
751404
751406
751415
751423
751424
751434
751444
751448
751449
751459
751462
751464
751469
751474
751477
751477
751479
751481
751491
751501
751502
751512
751520
751526
751532
751536
751539
751539
751545
751549
751558
751558
751558
751567
751571
751577
751581
751588
751591
751596
751599
751609
751616
751624
751630
751632
751640
751648
751650
751655
751661
751667
751671
751681
751688
751698
751699
751706
751715
751715
751717
751717
751723
751725
751732
751736
751743
751743
751750
751760
751761
751763
751766
751769
751772
751773
751778
751782
751783
751787
751794
751801
751802
751812
751815
751823
751833
751843
751852
751858
751862
751872
751878
751878
751882
751887
751887
751890
751893
751894
751894
751896
751906
751910
751915
751917
751921
751922
751925
751931
751932
751938
751942
751950
751951
751960
751970
751978
751987
751988
751989
751994
751994
751995
752002
752004
752004
752013
752018
752022
752029
752029
752036
752046
752046
752048
752053
752057
752064
752071
752073
752075
752085
752094
752102
752111
752120
752124
752126
752135
752137
752147
752148
752151
752156
752157
752161
752165
752174
752174
752180
752185
752186
752188
752195
752201
752211
752219
752228
752234
752236
752239
752240
752246
752247
752250
752253
752254
752263
752263
752266
752270
752277
752287
752294
752299
752303
752307
752313
752317
752317
752321
752324
752332
752334
752338
752338
752344
752353
752359
752362
752365
752371
752373
752382
752392
752396
752398
752400
752401
752407
752411
752415
752418
752428
752431
752437
752447
752447
752448
752455
752465
752466
752472
752479
752487
752492
752497
752497
752505
752515
752524
752529
752535
752542
752544
752551
752559
752563
752569
752572
752573
752573
752579
752580
752584
752584
752594
752599
752603
752603
752603
752610
752615
752624
752634
752637
752646
752653
752659
752660
752670
752677
752686
752691
752698
752705
752715
752720
752723
752729
752737
752744
752754
752755
752761
752764
752767
752773
752781
752789
752798
752799
752806
752806
752811
752814
752823
752824
752831
752840
752846
752855
752864
752869
752869
752872
752873
752877
752880
752886
752887
752890
752891
752892
752899
752904
752907
752916
752916
752918
752925
752926
752930
752934
752941
752943
752945
752947
752956
752960
752962
752969
752979
752986
752994
753002
753012
753017
753026
753031
753033
753039
753047
753052
753054
753064
753064
753073
753076
753082
753084
753094
753102
753108
753113
753123
753128
753129
753129
753131
753133
753142
753150
753155
753157
753165
753168
753177
753187
753191
753196
753198
753204
753214
753216
753218
753222
753224
753224
753225
753235
753236
753236
753246
753252
753259
753262
753270
753276
753280
753289
753297
753303
753310
753315
753315
753322
753331
753333
753337
753342
753347
753353
753357
753359
753369
753371
753380
753384
753388
753388
753389
753398
753406
753415
753417
753423
753428
753437
753439
753447
753452
753460
753470
753470
753470
753478
753486
753486
753487
753488
753490
753495
753505
753514
753519
753519
753522
753524
753533
753533
753543
753545
753550
753551
753554
753559
753569
753573
753580
753581
753581
753586
753594
753600
753601
753606
753610
753616
753621
753628
753632
753642
753648
753649
753650
753651
753661
753668
753669
753670
753679
753688
753697
753707
753712
753721
753728
753728
753732
753733
753733
753734
753737
753742
753745
753745
753752
753761
753765
753765
753772
753776
753778
753788
753794
753795
753798
753806
753813
753813
753813
753816
753822
753830
753836
753841
753849
753855
753855
753858
753859
753863
753866
753872
753881
753882
753891
753898
753908
753913
753913
753916
753924
753932
753936
753936
753939
753949
753949
753952
753957
753962
753968
753972
753972
753982
753990
753996
754004
754011
754017
754021
754024
754032
754040
754044
754045
754047
754056
754064
754074
754082
754086
754093
754099
754108
754116
754121
754121
754128
754137
754146
754146
754146
754155
754165
754167
754175
754178
754182
754186
754193
754196
754202
754211
754211
754221
754224
754226
754228
754230
754232
754233
754237
754241
754241
754249
754257
754260
754267
754274
754280
754284
754294
754299
754306
754314
754320
754326
754334
754334
754337
754343
754345
754348
754356
754359
754369
754377
754383
754384
754389
754389
754396
754397
754406
754407
754407
754411
754418
754424
754431
754440
754443
754451
754456
754462
754465
754468
754471
754476
754477
754479
754484
754488
754495
754505
754513
754518
754527
754537
754547
754554
754564
754571
754571
754581
754589
754589
754595
754600
754601
754609
754610
754614
754620
754629
754636
754644
754652
754661
754664
754669
754674
754675
754675
754678
754686
754686
754692
754693
754702
754704
754709
754712
754716
754718
754727
754728
754731
754740
754743
754749
754754
754764
754767
754768
754776
754783
754791
754798
754808
754816
754820
754825
754828
754830
754834
754838
754843
754853
754859
754862
754863
754873
754879
754879
754880
754882
754886
754895
754899
754904
754912
754913
754920
754923
754925
754926
754936
754942
754948
754957
754957
754961
754961
754968
754974
754979
754985
754988
754988
754997
754997
754998
755000
755009
755018
755021
755028
755028
755030
755032
755039
755048
755049
755056
755058
755067
755070
755071
755076
755077
755080
755080
755081
755085
755090
755095
755099
755105
755105
755111
755115
755116
755116
755124
755132
755132
755139
755140
755146
755146
755155
755156
755161
755170
755176
755184
755191
755198
755206
755211
755218
755225
755226
755231
755238
755247
755250
755253
755258
755265
755265
755270
755270
755270
755277
755287
755287
755296
755298
755300
755300
755305
755309
755309
755316
755319
755327
755330
755336
755343
755353
755353
755361
755364
755372
755372
755378
755383
755392
755394
755402
755406
755408
755413
755419
755419
755428
755429
755436
755446
755452
755454
755462
755463
755464
755471
755479
755484
755484
755494
755496
755496
755497
755497
755505
755512
755512
755522
755532
755532
755536
755539
755540
755543
755550
755556
755558
755565
755567
755577
755584
755590
755593
755598
755608
755618
755622
755627
755634
755639
755639
755641
755641
755643
755653
755660
755663
755669
755674
755681
755682
755689
755695
755696
755696
755701
755705
755714
755723
755730
755738
755741
755749
755750
755760
755764
755771
755781
755789
755791
755791
755793
755798
755808
755809
755817
755821
755830
755833
755833
755839
755848
755856
755865
755875
755881
755887
755889
755899
755908
755918
755918
755920
755923
755929
755929
755936
755936
755936
755945
755952
755953
755957
755965
755965
755970
755971
755975
755978
755986
755995
756005
756011
756014
756015
756019
756028
756030
756040
756040
756044
756054
756055
756062
756072
756076
756081
756089
756089
756090
756093
756103
756109
756113
756122
756125
756126
756134
756135
756144
756148
756156
756163
756169
756169
756177
756185
756191
756197
756205
756209
756216
756220
756224
756230
756235
756239
756249
756250
756255
756262
756270
756279
756287
756292
756295
756305
756309
756311
756313
756321
756330
756334
756337
756337
756342
756344
756349
756355
756360
756361
756370
756378
756382
756382
756391
756394
756403
756407
756407
756415
756420
756429
756429
756432
756437
756447
756452
756455
756461
756469
756472
756473
756476
756478
756483
756487
756490
756492
756497
756500
756500
756503
756513
756515
756520
756525
756534
756539
756542
756547
756550
756552
756552
756554
756555
756558
756566
756567
756568
756576
756584
756586
756596
756600
756607
756615
756621
756627
756634
756636
756638
756638
756638
756644
756651
756653
756657
756663
756667
756669
756678
756688
756694
756702
756702
756710
756710
756715
756715
756719
756721
756725
756728
756734
756744
756749
756753
756755
756755
756758
756760
756770
756780
756782
756787
756796
756799
756803
756804
756808
756811
756821
756821
756822
756831
756838
756842
756846
756847
756851
756861
756867
756875
756882
756890
756895
756904
756910
756913
756919
756929
756933
756938
756938
756946
756948
756957
756963
756967
756973
756981
756982
756990
756999
757001
757009
757015
757025
757025
757032
757033
757043
757050
757052
757061
757062
757072
757078
757078
757082
757084
757094
757094
757098
757103
757111
757111
757119
757125
757134
757144
757147
757148
757151
757158
757160
757169
757172
757175
757176
757177
757178
757186
757193
757195
757200
757205
757208
757208
757208
757209
757209
757214
757216
757224
757234
757234
757236
757242
757244
757248
757252
757260
757262
757269
757278
757279
757288
757298
757298
757307
757316
757321
757330
757340
757350
757354
757364
757374
757377
757380
757383
757391
757395
757396
757397
757401
757410
757418
757419
757428
757438
757447
757449
757459
757465
757470
757478
757479
757481
757491
757495
757496
757506
757506
757511
757521
757524
757525
757533
757539
757549
757549
757554
757563
757568
757573
757576
757586
757586
757590
757599
757609
757616
757619
757620
757623
757629
757631
757633
757638
757646
757651
757657
757664
757668
757672
757672
757674
757678
757687
757692
757696
757696
757700
757710
757713
757723
757723
757724
757733
757742
757742
757746
757752
757761
757769
757771
757777
757780
757789
757789
757791
757801
757811
757819
757825
757826
757826
757833
757843
757845
757850
757856
757864
757869
757875
757879
757889
757892
757899
757909
757917
757922
757926
757936
757939
757944
757950
757954
757955
757962
757971
757977
757978
757982
757990
757995
758002
758010
758018
758026
758036
758042
758050
758053
758060
758066
758071
758078
758085
758091
758093
758097
758106
758106
758112
758113
758115
758121
758127
758130
758132
758137
758144
758147
758149
758157
758159
758169
758176
758177
758187
758197
758204
758209
758209
758218
758222
758224
758229
758231
758239
758249
758249
758250
758252
758258
758263
758265
758273
758275
758285
758290
758299
758309
758309
758312
758312
758315
758315
758319
758320
758323
758332
758334
758342
758344
758344
758350
758352
758358
758360
758361
758364
758369
758373
758379
758385
758395
758397
758403
758407
758412
758418
758426
758435
758440
758441
758444
758445
758449
758451
758454
758455
758459
758461
758461
758462
758464
758466
758469
758476
758485
758487
758494
758497
758507
758517
758520
758526
758532
758540
758544
758547
758551
758556
758561
758568
758576
758581
758585
758590
758599
758606
758607
758616
758624
758633
758643
758648
758648
758653
758663
758669
758679
758686
758695
758703
758713
758718
758722
758723
758725
758728
758728
758738
758745
758749
758759
758761
758762
758766
758769
758769
758773
758776
758780
758782
758784
758794
758800
758810
758815
758820
758826
758831
758838
758845
758854
758855
758857
758866
758868
758873
758875
758879
758879
758884
758886
758888
758896
758906
758908
758916
758918
758927
758936
758940
758945
758951
758954
758964
758967
758973
758980
758987
758992
758993
758999
759002
759003
759009
759009
759012
759019
759027
759028
759034
759037
759037
759046
759055
759061
759071
759072
759078
759087
759096
759101
759105
759106
759107
759113
759116
759116
759126
759133
759137
759147
759156
759161
759171
759176
759177
759181
759190
759199
759206
759206
759216
759216
759219
759227
759227
759232
759235
759245
759245
759254
759261
759263
759265
759275
759277
759282
759284
759290
759292
759299
759307
759314
759323
759328
759335
759335
759338
759347
759357
759357
759358
759363
759371
759375
759383
759384
759394
759398
759406
759416
759416
759420
759428
759429
759434
759441
759443
759446
759452
759457
759464
759474
759479
759486
759491
759499
759504
759511
759517
759519
759522
759530
759533
759534
759540
759544
759548
759557
759557
759564
759564
759572
759574
759577
759587
759593
759593
759596
759599
759601
759603
759610
759618
759619
759624
759626
759626
759633
759633
759640
759648
759649
759649
759650
759657
759665
759667
759674
759684
759687
759693
759693
759698
759699
759699
759707
759714
759724
759734
759737
759744
759746
759752
759758
759764
759774
759777
759780
759787
759791
759794
759799
759809
759811
759819
759825
759828
759833
759835
759838
759848
759851
759855
759860
759861
759869
759870
759875
759881
759885
759894
759899
759901
759903
759904
759904
759910
759920
759926
759931
759931
759933
759935
759943
759944
759947
759950
759950
759953
759955
759957
759964
759969
759979
759980
759984
759990
759991
760000
760002
760004
760009
760010
760019
760026
760031
760041
760042
760051
760061
760068
760073
760076
760081
760083
760091
760094
760095
760105
760105
760108
760108
760111
760119
760125
760127
760129
760130
760130
760140
760147
760149
760157
760164
760165
760168
760170
760172
760180
760181
760181
760190
760200
760202
760209
760213
760215
760219
760224
760233
760236
760240
760241
760247
760254
760260
760262
760266
760275
760278
760286
760287
760292
760301
760304
760309
760313
760318
760324
760330
760332
760341
760344
760344
760353
760358
760367
760372
760378
760383
760383
760384
760389
760394
760402
760412
760420
760426
760435
760445
760451
760457
760466
760473
760482
760483
760493
760495
760505
760505
760507
760516
760520
760530
760533
760542
760542
760547
760557
760565
760575
760578
760586
760593
760594
760594
760599
760603
760608
760608
760616
760624
760634
760641
760648
760652
760655
760659
760667
760668
760670
760680
760684
760693
760702
760702
760709
760709
760713
760714
760723
760732
760736
760737
760738
760743
760751
760758
760765
760766
760770
760773
760782
760782
760784
760784
760793
760801
760802
760810
760816
760825
760832
760840
760847
760854
760864
760865
760870
760875
760884
760884
760888
760888
760895
760897
760902
760908
760913
760921
760927
760934
760939
760944
760954
760954
760958
760966
760966
760970
760978
760981
760987
760992
760997
761002
761010
761018
761019
761021
761025
761028
761029
761037
761040
761048
761048
761055
761058
761067
761071
761079
761086
761095
761099
761099
761103
761107
761108
761108
761110
761112
761116
761124
761128
761135
761145
761151
761161
761171
761176
761186
761186
761195
761198
761205
761207
761217
761226
761231
761234
761236
761243
761250
761260
761270
761278
761284
761294
761301
761301
761303
761308
761317
761326
761333
761343
761349
761358
761361
761371
761376
761385
761386
761393
761397
761401
761410
761413
761421
761421
761431
761437
761446
761446
761449
761449
761450
761452
761455
761456
761464
761467
761467
761474
761478
761482
761492
761494
761499
761506
761508
761511
761520
761526
761533
761542
761543
761550
761556
761566
761570
761578
761582
761586
761593
761602
761605
761613
761613
761619
761624
761627
761635
761637
761638
761641
761650
761653
761656
761656
761664
761670
761679
761679
761683
761691
761700
761709
761711
761716
761722
761731
761734
761743
761744
761749
761756
761766
761774
761784
761793
761802
761804
761814
761814
761823
761826
761826
761828
761831
761833
761839
761840
761847
761853
761856
761859
761862
761866
761874
761876
761876
761882
761882
761886
761893
761894
761896
761906
761909
761912
761917
761923
761923
761928
761930
761939
761949
761957
761958
761965
761965
761967
761976
761984
761987
761994
762001
762007
762016
762016
762022
762023
762033
762033
762042
762042
762046
762048
762055
762064
762074
762081
762089
762094
762098
762104
762109
762111
762121
762124
762127
762134
762137
762138
762142
762149
762150
762153
762161
762168
762168
762178
762183
762192
762193
762194
762195
762205
762211
762214
762216
762218
762220
762229
762235
762243
762244
762251
762257
762262
762264
762265
762274
762275
762283
762291
762293
762300
762302
762307
762603
762899
763196
763495
763790
764083
764379
764669
764964
765255
765549
765847
766144
766434
766727
767019
767316
767614
767904
768204
768495
768787
769084
769384
769683
769981
770274
770573
770868
771160
771451
771744
772038
772332
772630
772930
773225
773524
773824
774121
774415
774713
775011
775311
775611
775907
776198
776488
776788
777085
777380
777677
777967
778259
778554
778850
779150
779443
779734
780032
780330
780622
780919
781219
781516
781807
782103
782403
782695
782986
783277
783574
783867
784160
784457
784747
785047
785343
785641
785931
786226
786525
786822
787119
787418
787718
788014
788312
788607
788906
789205
789505
789798
790091
790391
790685
790980
791275
791570
791865
792158
792453
792746
793037
793329
793628
793919
794217
794507
794800
795097
795388
795686
795979
796269
796567
796860
797152
797449
797739
798039
798331
798621
798915
799215
799509
799807
800106
800399
800689
800981
801280
801570
801868
802162
802462
802753
803048
803348
803642
803939
804237
804535
804829
805129
805420
805716
806011
806305
806596
806894
807193
807485
807775
808073
808363
808657
808947
809246
809538
809831
810129
810426
810717
811017
811308
811605
811900
812190
812486
812785
813084
813380
813678
813978
814273
814565
814861
815154
815445
815738
816028
816323
816616
816907
817204
817495
817793
818084
818380
818678
818972
819265
819564
819862
820158
820453
820752
821052
821345
821636
821931
822223
822521
822815
823109
823400
823700
823997
824291
824589
824887
825179
825475
825765
826063
826362
826655
826946
827239
827537
827837
828135
828428
828726
829022
829319
829612
829904
830196
830490
830780
831077
831370
831663
831961
832261
832556
832852
833152
833450
833750
834042
834341
834632
834929
835222
835516
835811
836110
836405
836698
836991
837286
837583
837876
838172
838463
838753
839046
839341
839633
839930
840221
840518
840816
841112
841407
841697
841991
842291
842589
842880
843180
843478
843770
844062
844356
844656
844956
845256
845555
845847
846146
846441
846732
847024
847320
847612
847903
848195
848493
848783
849077
849376
849672
849972
850269
850560
850852
851143
851436
851728
852019
852314
852610
852903
853197
853490
853780
854079
854374
854671
854965
855255
855553
855851
856148
856448
856738
857037
857330
857626
857917
858212
858512
858809
859103
859397
859691
859981
860272
860568
860867
861160
861458
861756
862048
862343
862638
862936
863227
863517
863815
864105
864402
864692
864992
865290
865590
865881
866177
866471
866768
867058
867350
867650
867950
868249
868543
868834
869132
869432
869724
870019
870319
870612
870907
871201
871494
871794
872094
872391
872681
872980
873278
873577
873873
874167
874466
874763
875053
875343
875640
875930
876226
876518
876813
877108
877408
877708
878004
878302
878596
878888
879178
879471
879765
880065
880362
880662
880952
881246
881542
881842
882136
882435
882732
883024
883323
883618
883912
884212
884506
884797
885088
885387
885684
885979
886275
886570
886868
887160
887458
887758
888055
888346
888638
888932
889226
889526
889822
890116
890406
890703
891003
891302
891601
891893
892191
892487
892786
893077
893372
893670
893960
894257
894552
894845
895138
895437
895731
896029
896327
896618
896916
897212
897511
897811
898101
898398
898697
898990
899287
899577
899876
900174
900470
900764
901055
901352
901648
901946
902245
902544
902835
903126
903421
903720
904011
904302
904601
904894
905194
905493
905785
906076
906375
906674
906969
907269
907563
907858
908157
908453
908749
909045
909336
909626
909920
910210
910508
910805
911098
911391
911687
911985
912279
912577
912869
913160
913456
913747
914037
914333
914631
914927
915226
915518
915809
916106
916398
916695
916986
917279
917571
917870
918166
918456
918753
919048
919339
919639
919933
920230
920526
920820
921115
921408
921706
922006
922296
922592
922887
923182
923475
923765
924064
924355
924645
924938
925238
925529
925819
926110
926401
926696
926986
927279
927572
927868
928167
928463
928763
929059
929355
929648
929939
930232
930523
930820
931112
931402
931700
931996
932288
932582
932873
933164
933454
933750
934043
934342
934642
934935
935232
935523
935817
936115
936412
936712
937002
937301
937597
937894
938187
938485
938784
939079
939376
939669
939961
940251
940551
940851
941141
941431
941728
942022
942313
942603
942894
943189
943489
943781
944074
944368
944659
944954
945247
945544
945842
946136
946436
946728
947018
947310
947610
947909
948208
948500
948800
949095
949395
949691
949986
950279
950571
950861
951151
951442
951732
952025
952315
952606
952905
953202
953495
953785
954083
954376
954672
954970
955268
955568
955863
956162
956455
956753
957053
957350
957647
957938
958230
958528
958820
959114
959405
959703
959998
960298
960598
960892
961192
961491
961782
962080
962380
962678
962970
963263
963559
963859
964152
964442
964742
965042
965336
965628
965924
966221
966516
966813
967103
967398
967690
967981
968271
968565
968861
969154
969447
969747
970037
970333
970623
970923
971217
971507
971805
972099
972395
972695
972993
973290
973581
973873
974173
974470
974760
975052
975349
975640
975931
976229
976526
976823
977122
977412
977706
978001
978291
978585
978877
979177
979472
979771
980069
980362
980655
980949
981244
981537
981837
982133
982429
982727
983017
983310
983606
983901
984194
984487
984786
985077
985375
985671
985962
986256
986546
986837
987132
987423
987721
988016
988316
988609
988899
989191
989481
989774
990072
990370
990666
990957
991255
991547
991839
992138
992430
992724
993016
993311
993609
993903
994200
994492
994790
995090
995385
995681
995978
996274
996566
996858
997153
997444
997743
998042
998336
998635
998926
999219
999514
999811
1000106
1000402
1000702
1001000
1001292
1001588
1001881
1002175
1002470
1002764
1003061
1003358
1003655
1003953
1004244
1004543
1004838
1005132
1005424
1005714
1006010
1006301
1006599
1006896
1007195
1007489
1007787
1008083
1008383
1008682
1008976
1009269
1009561
1009861
1010159
1010459
1010759
1011057
1011349
1011640
1011932
1012227
1012525
1012816
1013109
1013405
1013704
1013995
1014292
1014588
1014883
1015178
1015472
1015763
1016056
1016353
1016644
1016942
1017236
1017529
1017827
1018127
1018425
1018717
1019010
1019307
1019601
1019894
1020194
1020486
1020784
1021083
1021374
1021668
1021962
1022259
1022554
1022847
1023138
1023436
1023735
1024035
1024327
1024618
1024913
1025207
1025506
1025805
1026102
1026402
1026695
1026994
1027291
1027583
1027882
1028176
1028476
1028772
1029072
1029372
1029662
1029953
1030252
1030544
1030842
1031141
1031441
1031735
1032028
1032322
1032614
1032906
1033199
1033495
1033795
1034087
1034380
1034670
1034970
1035268
1035558
1035858
1036152
1036448
1036738
1037031
1037329
1037624
1037917
1038216
1038510
1038808
1039102
1039397
1039691
1039984
1040278
1040574
1040874
1041168
1041462
1041757
1042054
1042351
1042646
1042940
1043236
1043536
1043831
1044126
1044424
1044715
1045006
1045306
1045597
1045890
1046187
1046477
1046774
1047070
1047361
1047656
1047953
1048244
1048543
1048841
1049131
1049429
1049727
1050020
1050318
1050615
1050912
1051202
1051495
1051785
1052081
1052375
1052667
1052961
1053259
1053553
1053851
1054141
1054438
1054731
1055025
1055317
1055609
1055905
1056198
1056498
1056796
1057086
1057379
1057673
1057967
1058266
1058566
1058857
1059147
1059442
1059741
1060036
1060333
1060625
1060924
1061216
1061512
1061809
1062103
1062403
1062702
1062992
1063286
1063584
1063877
1064173
1064463
1064758
1065048
1065346
1065637
1065931
1066224
1066524
1066820
1067116
1067410
1067707
1067999
1068295
1068587
1068885
1069182
1069482
1069775
1070072
1070368
1070658
1070958
1071249
1071542
1071839
1072138
1072438
1072738
1073030
1073325
1073620
1073917
1074210
1074508
1074801
1075097
1075392
1075682
1075981
1076272
1076562
1076854
1077153
1077453
1077746
1078041
1078337
1078627
1078917
1079211
1079509
1079800
1080098
1080388
1080681
1080974
1081273
1081565
1081862
1082160
1082452
1082744
1083036
1083330
1083621
1083919
1084212
1084512
1084811
1085103
1085401
1085691
1085983
1086275
1086569
1086867
1087158
1087458
1087749
1088042
1088339
1088638
1088931
1089226
1089521
1089821
1090118
1090417
1090716
1091009
1091301
1091594
1091893
1092189
1092480
1092771
1093069
1093360
1093651
1093941
1094239
1094530
1094821
1095117
1095409
1095705
1095999
1096292
1096582
1096879
1097174
1097465
1097763
1098062
1098354
1098654
1098949
1099247
1099546
1099838
1100129
1100421
1100711
1101007
1101304
1101601
1101900
1102193
1102484
1102775
1103071
1103368
1103659
1103958
1104251
1104550
1104849
1105139
1105437
1105735
1106030
1106322
1106621
1106911
1107207
1107507
1107803
1108097
1108397
1108692
1108989
1109282
1109576
1109873
1110171
1110471
1110764
1111059
1111353
1111652
1111948
1112240
1112530
1112824
1113116
1113415
1113708
1113999
1114297
1114594
1114888
1115187
1115484
1115781
1116073
1116368
1116664
1116959
1117259
1117553
1117843
1118142
1118435
1118735
1119032
1119323
1119623
1119914
1120206
1120500
1120795
1121092
1121383
1121682
1121981
1122275
1122569
1122861
1123161
1123454
1123753
1124047
1124343
1124634
1124929
1125224
1125514
1125806
1126097
1126389
1126685
1126985
1127283
1127574
1127866
1128157
1128457
1128747
1129044
1129340
1129636
1129933
1130226
1130522
1130814
1131109
1131409
1131703
1131995
1132291
1132586
1132878
1133174
1133474
1133766
1134064
1134363
1134653
1134946
1135240
1135535
1135825
1136117
1136409
1136701
1136997
1137290
1137583
1137874
1138170
1138463
1138755
1139047
1139347
1139645
1139939
1140233
1140532
1140828
1141118
1141414
1141706
1141997
1142291
1142589
1142883
1143180
1143476
1143774
1144066
1144365
1144665
1144961
1145254
1145549
1145840
1146131
1146421
1146712
1147009
1147307
1147599
1147889
1148188
1148480
1148772
1149069
1149360
1149654
1149948
1150247
1150539
1150835
1151134
1151424
1151717
1152007
1152297
1152597
1152889
1153184
1153479
1153770
1154063
1154362
1154658
1154951
1155249
1155543
1155842
1156135
1156433
1156726
1157019
1157319
1157610
1157906
1158197
1158496
1158788
1159082
1159380
1159679
1159972
1160268
1160568
1160859
1161157
1161452
1161746
1162041
1162331
1162629
1162924
1163215
1163512
1163809
1164104
1164402
1164696
1164992
1165284
1165581
1165871
1166168
1166459
1166753
1167045
1167342
1167641
1167933
1168228
1168519
1168812
1169111
1169403
1169696
1169987
1170286
1170584
1170883
1171177
1171475
1171768
1172062
1172362
1172658
1172949
1173244
1173538
1173828
1174122
1174416
1174711
1175007
1175301
1175591
1175885
1176178
1176469
1176762
1177053
1177344
1177641
1177936
1178227
1178526
1178822
1179116
1179407
1179701
1179995
1180294
1180594
1180885
1181175
1181466
1181761
1182059
1182351
1182651
1182944
1183238
1183531
1183830
1184126
1184419
1184718
1185008
1185302
1185600
1185897
1186188
1186479
1186777
1187067
1187359
1187658
1187955
1188250
1188550
1188850
1189140
1189440
1189737
1190030
1190330
1190630
1190927
1191221
1191511
1191807
1192106
1192402
1192698
1192989
1193281
1193574
1193873
1194165
1194461
1194760
1195059
1195349
1195641
1195937
1196235
1196525
1196820
1197112
1197411
1197711
1198010
1198310
1198603
1198893
1199188
1199488
1199785
1200076
1200367
1200661
1200952
1201243
1201543
1201836
1202134
1202433
1202727
1203023
1203319
1203619
1203914
1204206
1204503
1204802
1205093
1205390
1205684
1205975
1206275
1206573
1206871
1207170
1207466
1207761
1208053
1208352
1208645
1208935
1209230
1209527
1209822
1210118
1210410
1210710
1211009
1211307
1211606
1211902
1212197
1212491
1212791
1213089
1213385
1213675
1213968
1214266
1214556
1214853
1215151
1215449
1215744
1216043
1216335
1216629
1216924
1217220
1217520
1217812
1218110
1218402
1218698
1218993
1219290
1219581
1219880
1220177
1220473
1220765
1221059
1221352
1221652
1221942
1222236
1222531
1222824
1223114
1223414
1223706
1223997
1224291
1224589
1224889
1225182
1225476
1225776
1226067
1226363
1226657
1226951
1227250
1227540
1227837
1228129
1228424
1228717
1229007
1229299
1229593
1229891
1230189
1230483
1230783
1231076
1231367
1231663
1231957
1232255
1232545
1232836
1233130
1233420
1233718
1234012
1234309
1234609
1234901
1235198
1235491
1235790
1236085
1236385
1236681
1236976
1237270
1237562
1237852
1238145
1238438
1238728
1239020
1239310
1239603
1239893
1240183
1240478
1240776
1241075
1241366
1241660
1241958
1242250
1242543
1242838
1243137
1243431
1243724
1244023
1244317
1244612
1244906
1245199
1245493
1245789
1246089
1246384
1246680
1246972
1247271
1247566
1247862
1248154
1248446
1248737
1249032
1249323
1249623
1249913
1250213
1250504
1250798
1251098
1251394
1251692
1251984
1252275
1252569
1252868
1253165
1253459
1253756
1254050
1254349
1254644
1254940
1255232
1255528
1255820
1256112
1256406
1256704
1257003
1257302
1257600
1257892
1258189
1258489
1258785
1259083
1259381
1259679
1259975
1260275
1260569
1260867
1261160
1261457
1261747
1262037
1262327
1262620
1262919
1263213
1263508
1263806
1264099
1264391
1264691
1264988
1265278
1265571
1265871
1266163
1266457
1266754
1267046
1267340
1267633
1267927
1268218
1268515
1268813
1269113
1269404
1269695
1269989
1270284
1270582
1270881
1271175
1271474
1271769
1272060
1272356
1272651
1272949
1273244
1273540
1273840
1274134
1274428
1274718
1275008
1275306
1275604
1275898
1276192
1276482
1276773
1277065
1277365
1277659
1277953
1278244
1278542
1278833
1279129
1279425
1279723
1280023
1280315
1280610
1280908
1281201
1281498
1281796
1282089
1282381
1282679
1282977
1283268
1283561
1283855
1284154
1284451
1284744
1285034
1285328
1285625
1285922
1286214
1286513
1286806
1287097
1287388
1287681
1287974
1288274
1288571
1288870
1289164
1289460
1289752
1290047
1290342
1290633
1290933
1291226
1291519
1291815
1292115
1292410
1292702
1292995
1293292
1293585
1293879
1294176
1294468
1294768
1295063
1295356
1295650
1295945
1296244
1296535
1296830
1297124
1297418
1297709
1298005
1298295
1298587
1298880
1299180
1299476
1299775
1300066
1300363
1300662
1300955
1301248
1301539
1301832
1302126
1302417
1302709
1303006
1303299
1303589
1303884
1304184
1304481
1304781
1305076
1305372
1305671
1305967
1306267
1306559
1306849
1307139
1307438
1307729
1308029
1308328
1308623
1308913
1309203
1309497
1309797
1310093
1310388
1310687
1310978
1311271
1311563
1311857
1312157
1312456
1312746
1313046
1313340
1313633
1313932
1314223
1314518
1314809
1315106
1315401
1315692
1315988
1316280
1316573
1316863
1317161
1317451
1317750
1318043
1318338
1318636
1318931
1319229
1319529
1319823
1320120
1320410
1320705
1320997
1321294
1321589
1321884
1322175
1322468
1322761
1323054
1323351
1323648
1323941
1324240
1324536
1324828
1325120
1325413
1325704
1326004
1326303
1326593
1326888
1327184
1327478
1327778
1328069
1328361
1328659
1328951
1329247
1329547
1329841
1330138
1330430
1330723
1331020
1331314
1331613
1331908
1332200
1332494
1332791
1333086
1333377
1333669
1333969
1334267
1334561
1334851
1335143
1335435
1335725
1336019
1336317
1336610
1336905
1337196
1337496
1337790
1338089
1338381
1338677
1338968
1339258
1339556
1339848
1340141
1340437
1340734
1341028
1341321
1341615
1341911
1342205
1342495
1342792
1343087
1343387
1343686
1343986
1344284
1344579
1344871
1345163
1345459
1345756
1346054
1346352
1346652
1346951
1347251
1347546
1347843
1348133
1348428
1348727
1349022
1349319
1349616
1349912
1350210
1350502
1350802
1351098
1351395
1351692
1351989
1352288
1352578
1352870
1353162
1353462
1353754
1354045
1354338
1354631
1354930
1355228
1355521
1355817
1356111
1356401
1356695
1356988
1357280
1357578
1357872
1358169
1358459
1358754
1359044
1359336
1359630
1359922
1360213
1360508
1360798
1361091
1361389
1361689
1361989
1362283
1362579
1362876
1363173
1363468
1363760
1364052
1364343
1364638
1364929
1365227
1365524
1365818
1366114
1366406
1366702
1366996
1367290
1367589
1367881
1368176
1368475
1368766
1369059
1369352
1369644
1369935
1370235
1370535
1370831
1371123
1371421
1371719
1372012
1372304
1372597
1372889
1373185
1373484
1373778
1374069
1374367
1374666
1374964
1375257
1375549
1375843
1376134
1376431
1376731
1377029
1377324
1377622
1377916
1378213
1378511
1378804
1379099
1379392
1379686
1379976
1380276
1380574
1380864
1381158
1381454
1381751
1382044
1382342
1382635
1382935
1383234
1383532
1383826
1384116
1384408
1384704
1384999
1385295
1385586
1385885
1386175
1386472
1386766
1387060
1387351
1387650
1387947
1388238
1388538
1388831
1389128
1389420
1389710
1390000
1390292
1390585
1390885
1391185
1391481
1391774
1392065
1392362
1392653
1392948
1393243
1393542
1393841
1394131
1394423
1394718
1395013
1395306
1395598
1395888
1396187
1396487
1396779
1397072
1397362
1397658
1397953
1398247
1398545
1398836
1399128
1399422
1399722
1400022
1400320
1400615
1400915
1401210
1401504
1401799
1402093
1402388
1402687
1402986
1403282
1403579
1403874
1404167
1404467
1404759
1405053
1405346
1405638
1405938
1406238
1406536
1406829
1407120
1407420
1407710
1408002
1408298
1408591
1408890
1409187
1409485
1409775
1410069
1410365
1410663
1410956
1411251
1411545
1411838
1412134
1412424
1412721
1413016
1413314
1413613
1413904
1414198
1414497
1414790
1415083
1415377
1415667
1415964
1416260
1416559
1416853
1417147
1417439
1417733
1418033
1418324
1418616
1418916
1419210
1419500
1419795
1420091
1420386
1420677
1420977
1421275
1421571
1421869
1422168
1422465
1422759
1423056
1423348
1423641
1423934
1424231
1424527
1424825
1425124
1425414
1425710
1426006
1426297
1426591
1426890
1427189
1427484
1427775
1428073
1428372
1428666
1428966
1429262
1429558
1429853
1430143
1430440
1430734
1431030
1431324
1431622
1431918
1432216
1432516
1432814
1433113
1433406
1433702
1433995
1434289
1434588
1434882
1435176
1435468
1435764
1436058
1436354
1436646
1436939
1437229
1437526
1437826
1438120
1438418
1438710
1439004
1439303
1439600
1439893
1440189
1440480
1440775
1441072
1441367
1441663
1441962
1442261
1442551
1442845
1443141
1443439
1443737
1444030
1444323
1444615
1444907
1445200
1445499
1445791
1446082
1446382
1446678
1446975
1447275
1447566
1447856
1448152
1448452
1448750
1449046
1449345
1449636
1449933
1450227
1450526
1450822
1451112
1451407
1451704
1452003
1452302
1452601
1452892
1453184
1453481
1453772
1454063
1454358
1454649
1454939
1455239
1455533
1455828
1456127
1456417
1456707
1456999
1457298
1457597
1457890
1458187
1458480
1458774
1459074
1459374
1459671
1459963
1460262
1460562
1460860
1461150
1461443
1461739
1462034
1462333
1462632
1462931
1463230
1463522
1463818
1464117
1464414
1464714
1465013
1465313
1465612
1465907
1466200
1466496
1466790
1467090
1467389
1467679
1467973
1468270
1468570
1468865
1469155
1469446
1469739
1470033
1470329
1470619
1470912
1471204
1471495
1471795
1472086
1472377
1472676
1472971
1473262
1473555
1473845
1474142
1474434
1474729
1475028
1475326
1475622
1475915
1476208
1476505
1476795
1477089
1477384
1477676
1477966
1478256
1478548
1478842
1479132
1479431
1479721
1480015
1480311
1480610
1480907
1481200
1481497
1481789
1482085
1482378
1482672
1482963
1483258
1483557
1483856
1484146
1484444
1484740
1485033
1485324
1485614
1485911
1486203
1486493
1486789
1487084
1487382
1487678
1487973
1488267
1488562
1488857
1489148
1489439
1489731
1490024
1490314
1490614
1490910
1491202
1491498
1491789
1492085
1492376
1492671
1492970
1493270
1493568
1493868
1494161
1494453
1494752
1495042
1495338
1495629
1495922
1496220
1496513
1496807
1497106
1497402
1497694
1497991
1498288
1498587
1498885
1499184
1499474
