0
9
19
21
26
34
34
37
46
48
51
56
58
68
74
75
77
80
84
84
84
86
95
103
107
109
118
124
129
133
136
141
143
144
154
158
161
166
174
179
185
188
194
202
206
210
215
219
224
232
236
245
249
250
250
254
260
269
275
276
284
290
293
303
307
308
315
317
323
329
336
339
344
344
344
348
358
367
375
379
383
385
388
390
398
405
409
415
425
433
437
439
447
450
454
464
474
475
475
476
484
490
495
498
503
508
515
518
524
529
533
542
544
554
561
568
578
579
583
584
594
594
603
604
611
611
617
618
621
624
630
640
646
654
654
655
659
667
677
687
687
689
691
700
705
715
722
731
732
736
736
738
746
756
756
756
757
762
762
770
772
782
786
796
798
800
802
807
809
819
819
824
832
841
849
851
858
867
871
871
872
875
879
882
889
895
899
908
911
917
927
937
938
941
946
956
956
957
963
966
970
972
978
978
986
992
1000
1009
1012
1017
1026
1028
1030
1040
1042
1051
1056
1062
1067
1073
1081
1086
1094
1095
1096
1106
1107
1117
1126
1130
1133
1136
1140
1150
1150
1158
1165
1171
1173
1174
1174
1181
1187
1195
1197
1203
1212
1219
1222
1226
1228
1234
1239
1245
1246
1247
1256
1265
1274
1280
1286
1290
1294
1302
1310
1320
1325
1327
1336
1341
1348
1349
1356
1356
1363
1372
1382
1382
1382
1388
1395
1400
1402
1402
1405
1408
1418
1424
1428
1428
1431
1431
1441
1447
1453
1459
1459
1460
1460
1464
1474
1479
1479
1482
1492
1498
1503
1513
1519
1529
1532
1532
1537
1541
1547
1554
1560
1565
1566
1571
1577
1578
1584
1584
1589
1595
1602
1610
1612
1616
1617
1622
1625
1630
1632
1632
1641
1648
1656
1663
1668
1670
1680
1685
1687
1687
1687
1690
1698
1701
1710
1712
1716
1725
1727
1727
1727
1735
1743
1752
1756
1765
1768
1778
1782
1788
1798
1803
1805
1807
1810
1810
1816
1820
1828
1833
1835
1837
1845
1855
1862
1863
1869
1876
1883
1886
1888
1897
1904
1909
1911
1921
1928
1931
1936
1941
1941
1948
1950
1950
1955
1962
1972
1981
1985
1987
1993
2003
2012
2021
2025
2027
2029
2037
2044
2051
2054
2057
2064
2064
2073
2083
2088
2093
2099
2103
2112
2118
2121
2124
2127
2134
2143
2151
2161
2168
2172
2173
2174
2178
2180
2189
2198
2206
2213
2215
2218
2226
2230
2230
2240
2246
2248
2255
2255
2259
2265
2269
2277
2282
2292
2292
2293
2300
2309
2312
2320
2329
2334
2338
2341
2350
2355
2355
2361
2362
2366
2376
2381
2384
2386
2396
2405
2407
2407
2415
2424
2434
2443
2451
2454
2461
2461
2463
2469
2473
2473
2480
2488
2489
2491
2495
2497
2499
2509
2509
2514
2523
2523
2532
2533
2536
2546
2555
2564
2573
2583
2586
2595
2595
2604
2614
2617
2618
2621
2631
2632
2640
2645
2651
2656
2658
2667
2671
2676
2684
2692
2701
2710
2715
2723
2726
2734
2741
2743
2747
2750
2758
2764
2765
2775
2784
2790
2800
2803
2805
2809
2810
2817
2820
2825
2828
2830
2835
2843
2853
2857
2867
2873
2875
2879
2879
2881
2886
2893
2899
2901
2907
2911
2916
2918
2928
2937
2945
2948
2955
2964
2974
2975
2976
2980
2982
2984
2987
2993
2997
2999
3008
3014
3019
3025
3029
3031
3033
3040
3050
3053
3060
3061
3067
3073
3080
3084
3085
3094
3103
3105
3110
3115
3122
3122
3122
3132
3138
3146
3152
3161
3167
3168
3172
3176
3177
3187
3194
3202
3205
3212
3215
3224
3228
3230
3234
3244
3250
3253
3260
3261
3270
3277
3279
3285
3293
3297
3299
3306
3309
3313
3319
3329
3334
3339
3341
3345
3352
3353
3359
3366
3370
3374
3383
3386
3386
3390
3391
3401
3405
3415
3421
3428
3435
3445
3454
3456
3465
3473
3474
3478
3484
3489
3491
3498
3508
3515
3516
3525
3530
3539
3539
3544
3551
3552
3559
3559
3568
3577
3580
3589
3596
3596
3596
3602
3609
3610
3614
3615
3622
3626
3634
3641
3648
3655
3659
3663
3672
3679
3685
3690
3700
3704
3712
3718
3724
3731
3736
3742
3747
3755
3759
3764
3764
3769
3775
3781
3783
3784
3791
3793
3793
3802
3808
3809
3809
3810
3814
3820
3824
3830
3831
3840
3847
3852
3859
3861
3870
3875
3877
3883
3886
3888
3891
3898
3907
3915
3924
3931
3941
3947
3950
3956
3958
3960
3967
3974
3979
3982
3990
3997
4006
4012
4015
4016
4018
4025
4035
4037
4042
4046
4056
4059
4063
4071
4072
4072
4080
4082
4092
4101
4106
4110
4110
4119
4123
4128
4135
4142
4150
4160
4170
4176
4180
4181
4190
4191
4193
4198
4203
4204
4213
4222
4226
4227
4233
4239
4248
4252
4253
4258
4258
4266
4271
4276
4276
4276
4285
4286
4290
4295
4302
4308
4314
4324
4326
4335
4340
4349
4349
4358
4361
4366
4373
4375
4376
4379
4386
4386
4391
4397
4405
4410
4419
4425
4429
4437
4444
4449
4452
4456
4459
4467
4474
4478
4487
4488
4495
4496
4503
4510
4518
4526
4535
4541
4548
4552
4554
4554
4564
4572
4578
4587
4595
4600
4602
4606
4608
4618
4624
4634
4639
4641
4644
4652
4653
4660
4668
4671
4672
4672
4673
4679
4686
4690
4692
4692
4700
4706
4710
4713
4723
4732
4737
4739
4743
4749
4759
4760
4765
4772
4778
4787
4796
4798
4800
4802
4809
4817
4822
4832
4834
4841
4849
4857
4861
4867
4870
4877
4883
4887
4897
4902
4912
4915
4924
4931
4935
4941
4948
4955
4956
4960
4965
4971
4979
4988
4996
5002
5002
5002
5006
5014
5014
5015
5016
5024
5029
5039
5047
5050
5050
5056
5063
5067
5076
5080
5089
5095
5103
5105
5107
5108
5112
5117
5119
5126
5129
5131
5138
5143
5146
5147
5151
5154
5163
5171
5176
5184
5193
5194
5202
5203
5206
5210
5218
5222
5226
5232
5242
5252
5257
5266
5271
5280
5280
5287
5294
5301
5304
5304
5305
5308
5316
5321
5331
5333
5337
5347
5356
5360
5366
5371
5378
5385
5395
5405
5405
5406
5414
5421
5428
5431
5432
5435
5444
5454
5454
5458
5467
5477
5487
5495
5504
5513
5515
5523
5530
5530
5534
5543
5550
5556
5559
5565
5565
5573
5579
5581
5584
5588
5589
5594
5603
5605
5607
5607
5614
5624
5625
5625
5635
5645
5647
5657
5665
5666
5671
5679
5680
5688
5695
5702
5712
5713
5723
5732
5733
5741
5742
5746
5756
5757
5760
5765
5766
5769
5779
5785
5789
5799
5806
5812
5819
5819
5824
5831
5837
5842
5848
5853
5857
5864
5872
5874
5879
5887
5888
5890
5890
5898
5899
5907
5908
5914
5920
5930
5939
5943
5953
5956
5958
5961
5966
5968
5975
5983
5986
5987
5994
6004
6004
6010
6012
6018
6018
6024
6032
6035
6045
6055
6057
6063
6064
6074
6082
6086
6090
6090
6098
6106
6106
6116
6125
6126
6136
6137
6146
6148
6155
6162
6165
6174
6180
6181
6187
6194
6199
6199
6207
6213
6219
6222
6227
6229
6233
6239
6240
6245
6247
6255
6265
6269
6279
6280
6287
6293
6294
6297
6303
6307
6313
6319
6325
6331
6336
6338
6346
6356
6362
6372
6376
6378
6383
6391
6393
6396
6396
6401
6411
6419
6420
6422
6428
6437
6443
6449
6451
6459
6469
6477
6483
6483
6488
6490
6494
6504
6513
6514
6520
6528
6532
6534
6541
6543
6553
6557
6562
6572
6577
6583
6588
6593
6596
6603
6613
6619
6620
6628
6637
6644
6652
6662
6665
6672
6678
6683
6684
6688
6695
6701
6704
6709
6716
6716
6720
6727
6734
6744
6747
6753
6763
6773
6776
6780
6786
6794
6799
6801
6807
6812
6818
6828
6835
6837
6846
6852
6862
6866
6875
6877
6885
6890
6897
6898
6903
6912
6915
6920
6922
6928
6935
6942
6946
6952
6955
6964
6974
6982
6988
6992
6997
7003
7004
7004
7014
7021
7030
7034
7039
7042
7050
7057
7059
7064
7065
7069
7070
7080
7087
7091
7098
7102
7109
7113
7117
7119
7120
7123
7123
7132
7135
7144
7144
7146
7153
7160
7170
7173
7178
7178
7186
7195
7204
7213
7221
7225
7232
7236
7238
7243
7246
7248
7256
7257
7266
7267
7269
7275
7275
7284
7284
7285
7292
7296
7299
7305
7312
7321
7324
7324
7325
7330
7338
7340
7342
7344
7351
7356
7359
7364
7374
7380
7386
7391
7396
7406
7409
7419
7426
7429
7438
7439
7448
7457
7467
7468
7469
7472
7478
7488
7490
7499
7499
7507
7513
7520
7528
7534
7541
7541
7551
7554
7561
7571
7579
7581
7584
7593
7602
7608
7614
7623
7628
7634
7637
7640
7646
7650
7660
7668
7677
7677
7678
7679
7684
7685
7695
7696
7699
7709
7719
7722
7727
7728
7736
7743
7745
7749
7757
7765
7770
7780
7786
7791
7798
7798
7802
7802
7807
7807
7808
7812
7816
7818
7825
7828
7838
7841
7850
7858
7859
7862
7871
7881
7891
7899
7906
7913
7919
7925
7935
7935
7938
7945
7949
7958
7958
7960
7968
7972
7979
7980
7990
7999
7999
8001
8005
8006
8012
8018
8022
8031
8036
8045
8055
8058
8063
8073
8075
8083
8087
8090
8091
8099
8103
8104
8107
8108
8116
8122
8124
8131
8141
8146
8149
8153
8157
8161
8162
8165
8171
8173
8182
8189
8195
8200
8207
8212
8219
8224
8232
8235
8245
8254
8255
8256
8264
8273
8274
8282
8288
8289
8296
8296
8304
8313
8313
8321
8327
8327
8337
8345
8354
8355
8357
8364
8367
8372
8380
8383
8388
8393
8402
8409
8417
8423
8423
8425
8433
8443
8447
8449
8450
8458
8459
8465
8466
8474
8478
8487
8490
8492
8496
8496
8501
8501
8507
8509
8511
8514
8520
8529
8535
8544
8544
8549
8556
8565
8566
8568
8570
8577
8587
8587
8594
8594
8599
8602
8607
8612
8620
8630
8633
8638
8639
8646
8646
8656
8661
8661
8666
8672
8680
8680
8683
8693
8694
8702
8704
8706
8713
8723
8732
8732
8735
8739
8749
8755
8757
8759
8759
8767
8769
8775
8784
8785
8792
8798
8798
8798
8798
8804
8813
8817
8822
8827
8828
8835
8845
8845
8854
8858
8867
8876
8877
8881
8881
8891
8900
8910
8918
8924
8933
8936
8941
8949
8958
8958
8961
8965
8965
8968
8973
8976
8985
8994
9004
9005
9012
9015
9023
9023
9026
9029
9029
9031
9039
9043
9053
9061
9064
9071
9080
9081
9083
9092
9102
9103
9105
9109
9109
9115
9125
9134
9141
9142
9147
9154
9155
9155
9157
9163
9171
9178
9188
9190
9191
9200
9204
9212
9216
9226
9236
9242
9251
9254
9256
9262
9265
9272
9277
9283
9286
9291
9295
9297
9301
9304
9306
9313
9322
9331
9339
9343
9347
9351
9359
9366
9375
9378
9378
9383
9387
9390
9392
9397
9407
9417
9419
9426
9427
9436
9446
9449
9451
9461
9465
9474
9476
9479
9486
9492
9494
9501
9502
9507
9508
9516
9522
9525
9527
9530
9535
9543
9545
9552
9562
9566
9566
9574
9582
9583
9586
9586
9587
9588
9593
9595
9597
9604
9608
9611
9615
9624
9631
9637
9637
9638
9638
9639
9647
9652
9655
9657
9657
9667
9668
9672
9677
9686
9696
9697
9703
9703
9703
9710
9713
9716
9720
9722
9722
9722
9725
9725
9726
9727
9737
9737
9746
9748
9751
9758
9758
9760
9765
9770
9775
9777
9780
9790
9799
9800
9805
9810
9820
9822
9824
9826
9833
9838
9842
9850
9859
9862
9871
9877
9886
9890
9900
9901
9908
9918
9919
9924
9924
9927
9931
9938
9940
9945
9948
9956
9958
9967
9970
9979
9983
9984
9990
9993
10002
10012
10013
10019
10023
10026
10026
10031
10039
10040
10040
10050
10060
10066
10075
10079
10084
10087
10088
10091
10100
10108
10111
10112
10121
10124
10131
10134
10140
10147
10153
10160
10165
10168
10173
10174
10182
10184
10184
10191
10196
10203
10212
10213
10221
10224
10227
10228
10236
10236
10239
10245
10248
10250
10252
10253
10256
10265
10271
10271
10272
10272
10273
10275
10282
10288
10296
10299
10304
10309
10311
10313
10319
10321
10322
10323
10331
10338
10346
10353
10353
10353
10353
10362
10362
10369
10374
10382
10383
10383
10391
10396
10397
10400
10409
10417
10419
10421
10422
10431
10439
10449
10459
10462
10463
10471
10478
10486
10492
10498
10508
10510
10520
10528
10528
10534
10534
10543
10552
10561
10570
10574
10583
10590
10592
10602
10605
10608
10616
10622
10622
10627
10631
10635
10638
10643
10653
10663
10668
10668
10668
10668
10669
10678
10678
10686
10693
10702
10707
10707
10711
10717
10720
10722
10727
10728
10738
10744
10752
10755
10764
10770
10774
10781
10781
10784
10793
10803
10809
10814
10820
10825
10829
10838
10841
10851
10861
10861
10868
10875
10880
10882
10892
10893
10895
10905
10915
10924
10928
10932
10933
10940
10941
10949
10957
10957
10963
10965
10970
10977
10987
10994
10998
11000
11002
11012
11022
11031
11038
11044
11052
11062
11064
11070
11074
11075
11078
11078
11081
11081
11090
11099
11100
11102
11107
11108
11108
11109
11112
11113
11117
11126
11127
11136
11138
11139
11142
11143
11149
11158
11161
11169
11179
11188
11196
11205
11206
11212
11217
11219
11228
11231
11231
11237
11239
11246
11253
11256
11259
11265
11270
11276
11276
11276
11279
11280
11289
11295
11297
11304
11306
11311
11314
11322
11331
11340
11345
11350
11357
11364
11368
11372
11380
11380
11384
11390
11393
11395
11397
11406
11415
11424
11424
11430
11440
11443
11451
11455
11465
11468
11472
11475
11483
11485
11492
11492
11493
11493
11498
11498
11503
11511
11517
11526
11531
11541
11546
11549
11551
11558
11559
11567
11573
11580
11580
11585
11594
11604
11608
11616
11622
11627
11631
11634
11643
11648
11652
11661
11662
11669
11679
11684
11685
11689
11694
11699
11701
11709
11712
11712
11713
11716
11718
11725
11730
11737
11747
11757
11759
11763
11767
11776
11784
11784
11792
11795
11802
11811
11815
11824
11827
11827
11834
11841
11849
11855
11861
11871
11877
11887
11889
11893
11894
11897
11904
11913
11917
11918
11926
11931
11938
11942
11949
11954
11959
11965
11970
11974
11984
11986
11990
11998
12008
12016
12025
12032
12036
12037
12040
12040
12040
12042
12045
12049
12051
12061
12064
12070
12075
12076
12085
12094
12102
12112
12112
12114
12124
12129
12130
12135
12144
12152
12156
12164
12172
12180
12189
12193
12193
12202
12208
12217
12227
12236
12245
12254
12255
12258
12258
12259
12262
12269
12279
12287
12295
12301
12301
12303
12305
12311
12315
12323
12324
12329
12333
12335
12342
12349
12356
12365
12373
12375
12381
12385
12388
12389
12389
12394
12403
12408
12413
12415
12425
12433
12436
12443
12445
12448
12455
12459
12467
12477
12479
12489
12492
12492
12498
12498
12502
12512
12520
12523
12531
12541
12546
12555
12564
12572
12576
12582
12590
12594
12596
12604
12604
12606
12611
12620
12624
12634
12637
12642
12642
12651
12660
12664
12669
12674
12679
12689
12691
12701
12710
12717
12721
12725
12725
12733
12734
12734
12739
12745
12746
12753
12946
13136
13327
13523
13721
13911
14107
14298
14497
14687
14880
15072
15267
15461
15658
15855
16048
16247
16439
16631
16823
17019
17216
17409
17606
17804
17995
18188
18381
18573
18769
18968
19168
19361
19561
19759
19950
20144
20337
20532
20723
20916
21111
21308
21501
21697
21889
22084
22281
22481
22678
22873
23069
23262
23452
23647
23837
24028
24228
24420
24614
24806
25006
25198
25393
25592
25790
25990
26187
26378
26570
26761
26960
27155
27353
27545
27737
27934
28124
28324
28517
28715
28912
29107
29305
29495
29693
29893
30084
30278
30471
30662
30852
31051
31246
31438
31633
31832
32026
32220
32412
32603
32794
32989
33187
33377
33577
33776
33966
34157
34356
34547
34740
34936
35128
35321
35511
35708
35906
36099
36299
36498
36696
36890
37083
37273
37466
37657
37850
38050
38244
38436
38633
38830
39020
39210
39401
39601
39797
39989
40185
40378
40577
40774
40969
41165
41363
41553
41743
41937
42129
42326
42521
42717
42910
43102
43292
43489
43682
43877
44068
44267
44458
44654
44848
45046
45243
45435
45627
45827
46020
46211
46405
46596
46796
46996
47186
47385
47579
47778
47978
48169
48366
48556
48747
48944
49140
49340
49536
49730
49923
50121
50318
50516
50716
50909
51108
51308
51502
51696
51896
52095
52295
52493
52684
52878
53075
53275
53470
53661
53858
54051
54244
54442
54633
54830
55025
55216
55415
55608
55807
55998
56196
56390
56583
56773
56967
57160
57359
57551
57748
57943
58142
58341
58538
58728
58921
59115
59313
59513
59705
59903
60096
60288
60483
60677
60867
61058
61256
61451
61644
61844
62036
62233
62433
62624
62819
63015
63205
63395
63586
63786
63984
64184
64382
64578
64768
64959
65149
65340
65539
65732
65925
66119
66311
66509
66708
66908
67108
67305
67504
67698
67893
68092
68284
68479
68671
68870
69064
69261
69458
69655
69845
70042
70234
70427
70626
70819
71011
71210
71404
71598
71794
71990
72184
72381
72573
72773
72963
73158
73351
73551
73746
73941
74133
74327
74527
74717
74910
75109
75306
75496
75692
75887
76080
76275
76473
76663
76856
77051
77248
77438
77632
77826
78016
78215
78406
78602
78794
78994
79184
79379
79571
79762
79958
80155
80347
80544
80744
80943
81136
81335
81525
81716
81910
82108
82305
82496
82691
82885
83082
83272
83465
83661
83857
84056
84249
84440
84639
84838
85030
85226
85426
85624
85819
86013
86204
86395
86591
86786
86979
87169
87363
87558
87755
87951
88147
88345
88540
88740
88936
89128
89318
89517
89714
89908
90105
90298
90495
90694
90884
91074
91272
91463
91657
91853
92052
92251
92443
92643
92835
93029
93223
93420
93618
93810
94009
94203
94393
94585
94778
94973
95167
95358
95549
95747
95940
96139
96333
96524
96718
96916
97106
97296
97494
97686
97876
98071
98268
98458
98656
98848
99045
99242
99432
99629
99829
100028
100220
100420
100618
100811
101009
101203
101398
101597
101788
101986
102181
102372
102564
102757
102952
103150
103348
103543
103733
103932
104124
104318
104518
104716
104906
105096
105288
105487
105677
105867
106058
106248
106441
106636
106826
107024
107218
107417
107609
107801
107994
108186
108385
108577
108771
108963
109163
109354
109550
109746
109946
110138
110337
110532
110730
110930
111125
111322
111512
111708
111903
112103
112299
112499
112692
112890
113081
113280
113473
113663
113853
114047
114247
114440
114637
114829
115024
115221
115413
115612
115809
116007
116206
116398
116598
116798
116998
117196
117395
117585
117780
117976
118173
118363
118554
118744
118934
119128
119324
119521
119720
119910
120110
120305
120502
120699
120897
121090
121283
121483
121678
121875
122072
122262
122459
122650
122841
123032
123229
123427
123617
123815
124008
124208
124405
124601
124793
124990
125182
125376
125576
125769
125962
126159
126354
126553
126749
126939
127134
127324
127523
127715
127908
128102
128300
128499
128695
128888
129084
129284
129483
129673
129870
130066
130264
130455
130646
130840
131032
131224
131418
131614
131808
132008
132199
132397
132596
132794
132984
133176
133376
133576
133775
133973
134165
134356
134550
134740
134931
135131
135328
135521
135721
135920
136119
136310
136509
136702
136900
137095
137293
137493
137687
137878
138078
138273
138469
138664
138857
139052
139247
139437
139629
139829
140022
140215
140413
140613
140803
140993
141183
141376
141568
141766
141965
142162
142362
142562
142757
142957
143149
143339
143537
143735
143929
144120
144311
144509
144701
144901
145101
145292
145492
145683
145879
146077
146268
146466
146665
146860
147058
147248
147446
147638
147828
148027
148227
148419
148616
148811
149006
149196
149393
149589
149784
149976
150169
150361
150559
150759
150955
151146
151343
151541
151740
151932
152123
152313
152512
152705
152895
153092
153290
153482
153674
153864
154056
154256
154454
154645
154840
155037
155232
155429
155622
155813
156012
156203
156395
156586
156777
156970
157169
157365
157561
157758
157950
158142
158336
158530
158722
158913
159112
159303
159498
159695
159889
160087
160283
160477
160672
160872
161066
161265
161457
161657
161847
162038
162232
162426
162623
162822
163022
163216
163408
163602
163792
163990
164181
164373
164571
164770
164965
165160
165350
165548
165739
165934
166130
166325
166522
166718
166915
167112
167303
167493
167691
167888
168084
168274
168464
168655
168847
169046
169242
169432
169623
169821
170020
170220
170416
170607
170799
170995
171185
171378
171569
171764
171958
172149
172339
172535
172726
172924
173119
173309
173499
173696
173888
174086
174276
174475
174672
174862
175055
175249
175447
175638
175832
176032
176223
176421
176620
176813
177010
177202
177401
177599
177793
177985
178185
178380
178579
178770
178965
179161
179356
179550
179749
179941
180135
180327
180524
180721
180916
181113
181311
181508
181698
181895
182087
182281
182481
182674
182867
183061
183251
183447
183641
183838
184032
184224
184418
184618
184812
185008
185199
185395
185594
185786
185985
186185
186383
186577
186770
186970
187168
187367
187564
187764
187955
188155
188352
188542
188732
188929
189127
189317
189513
189704
189896
190092
190285
190475
190669
190867
191061
191260
191450
191643
191834
192030
192223
192423
192623
192816
193013
193211
193411
193609
193807
194006
194196
194389
194583
194778
194977
195167
195360
195558
195756
195950
196141
196333
196533
196730
196922
197112
197311
197503
197693
197891
198091
198286
198481
198681
198878
199068
199259
199450
199650
199849
200041
200238
200431
200624
200823
201014
201205
201396
201594
201785
201984
202175
202367
202566
202765
202963
203156
203355
203546
203743
203937
204134
204327
204525
204720
204911
205103
205300
205498
205692
205882
206079
206276
206466
206657
206855
207048
207241
207435
207634
207830
208028
208218
208413
208612
208810
209006
209206
209399
209597
209794
209994
210193
210388
210588
210786
210983
211181
211372
211563
211754
211948
212139
212334
212527
212717
212916
213111
213303
213501
213697
213891
214084
214283
214474
214669
214865
215055
215249
215448
215642
215840
216034
216232
216430
216624
216819
217019
217219
217412
217610
217806
218002
218192
218392
218584
218777
218969
219160
219353
219553
219753
219944
220142
220340
220532
220732
220931
221126
221323
221514
221704
221904
222099
222290
222490
222690
222880
223080
223277
223467
223665
223858
224054
224245
224435
224627
224817
225013
225209
225408
225601
225799
225993
226191
226383
226573
226767
226958
227155
227347
227539
227738
227935
228125
228316
228509
228706
228906
229104
229294
229494
229687
229879
230069
230263
230460
230656
230848
231039
231239
231439
231637
231835
232025
232218
232412
232607
232807
233007
233197
233393
233590
233783
233981
234180
234370
234566
234759
234959
235149
235341
235534
235728
235928
236121
236311
236501
236694
236894
237086
237285
237484
237675
237866
238063
238259
238457
238651
238847
239041
239233
239428
239620
239811
240002
240192
240382
240572
240770
240966
241165
241361
241552
241743
241943
242141
242331
242529
242725
242925
243125
243318
243511
243711
243904
244103
244293
244486
244677
244876
245066
245263
245462
245658
245849
246046
246241
246431
246628
246823
247016
247209
247403
247593
247783
247983
248177
248372
248572
248772
248962
249156
249351
249545
249740
249934
250126
250317
250512
250709
250909
251101
251293
251490
251687
251886
252080
252279
252469
252668
252862
253054
253250
253444
253641
253837
254031
254227
254420
254610
254805
255003
255197
255394
255590
255780
255974
256164
256357
256554
256746
256945
257136
257329
257525
257725
257918
258110
258302
258492
258688
258883
259073
259264
259458
259657
259848
260040
260240
260433
260625
260825
261021
261218
261408
261605
261798
261992
262192
262388
262585
262777
262970
263165
263355
263553
263746
263942
264136
264331
264522
264721
264921
265121
265321
265517
265709
265906
266101
266291
266484
266677
266873
267065
267258
267455
267647
267841
268035
268225
268425
268616
268811
269007
269200
269399
269594
269792
269983
270179
270372
270567
270761
270953
271146
271346
271543
271738
271934
272133
272326
272526
272719
272911
273107
273305
273495
273686
273886
274086
274284
274477
274668
274866
275062
275257
275450
275644
275838
276033
276230
276423
276614
276814
277008
277203
277396
277592
277787
277984
278181
278371
278569
278762
278962
279161
279359
279559
279759
279958
280152
280349
280546
280736
280927
281123
281320
281518
281710
281906
282103
282303
282500
282699
282893
283084
283280
283477
283677
283875
284067
284264
284461
284659
284851
285051
285245
285445
285645
285835
286031
286228
286425
286624
286817
287017
287212
287408
287606
287803
288001
288197
288395
288593
288788
288981
289175
289374
289574
289773
289970
290168
290359
290556
290756
290956
291148
291343
291534
291734
291929
292127
292323
292519
292715
292913
293113
293306
293505
293700
293899
294098
294292
294485
294683
294878
295078
295275
295472
295666
295861
296060
296254
296454
296653
296846
297040
297233
297433
297631
297823
298018
298215
298412
298608
298801
298991
299183
299373
299565
299757
299956
300154
300347
300542
300732
300929
301123
301315
301513
301706
301905
302102
302293
302484
302683
302875
303067
303264
303462
303662
303860
304052
304245
304436
304636
304832
305024
305223
305418
305617
305817
306015
306207
306402
306597
306795
306993
307183
307375
307565
307764
307958
308158
308356
308548
308740
308939
309139
309332
309527
309721
309919
310116
310311
310501
310700
310891
311085
311275
311474
311672
311864
312058
312249
312441
312635
312827
313025
313224
313417
313607
313804
313999
314190
314386
314585
314784
314975
315165
315355
315555
315754
315948
316147
316338
316534
316732
316928
317119
317313
317510
317707
317906
318105
318301
318497
318687
318879
319076
319270
319464
319655
319850
320045
320240
320439
320632
320832
321030
321227
321424
321621
321820
322013
322210
322405
322599
322789
322985
323177
323377
323569
323759
323954
324146
324341
324537
324736
324933
325133
325330
325526
325725
325921
326118
326310
326505
326701
326900
327095
327294
327486
327686
327882
328080
328278
328468
328660
328855
329045
329236
329431
329631
329830
330020
330218
330414
330614
330806
331000
331190
331387
331578
331771
331970
332160
332351
332548
332738
332933
333129
333329
333519
333710
333901
334097
334297
334493
334686
334883
335073
335264
335457
335652
335847
336041
336237
336432
336627
336825
337020
337216
337409
337603
337798
337996
338190
338390
338589
338789
338984
339175
339373
339565
339765
339964
340156
340347
340543
340735
340929
341122
341322
341518
341708
341901
342097
342287
342486
342682
342881
343072
343271
343467
343661
343856
344050
344250
344440
344631
344825
345022
345215
345411
345611
345806
345999
346196
346394
346586
346777
346977
347167
347363
347555
347751
347942
348132
348330
348521
348716
348911
349103
349300
349496
349694
349889
350079
350270
350460
350657
350857
351052
351245
351442
351633
351826
352016
352208
352398
352593
352786
352976
353172
353364
353555
353745
353944
354143
354336
354532
354728
354919
355114
355313
355507
355701
355898
356090
356286
356478
356676
356868
357064
357261
357454
357650
357848
358044
358243
358439
358635
358828
359028
359218
359408
359603
359801
359994
360194
360393
360589
360788
360983
361175
361374
361572
361772
361964
362163
362360
362557
362750
362947
363140
363339
363531
363723
363917
364116
364311
364506
364696
364894
365094
365291
365481
365677
365867
366060
366250
366441
366637
366833
367028
367221
367411
367604
367797
367997
368196
368395
368587
368782
368982
369180
369377
369571
369765
369959
370156
370348
370542
370732
370922
371113
371313
371513
371712
371903
372101
372300
372493
372683
372875
373066
373265
373456
373655
373855
374050
374240
374436
374629
374829
375024
375217
375408
375600
375791
375988
376184
376377
376575
376765
376962
377162
377362
377555
377751
377951
378143
378334
378534
378725
378918
379118
379317
379507
379697
379888
380086
380277
380476
380675
380867
381057
381253
381443
381634
381827
382017
382212
382407
382604
382799
382998
383193
383389
383586
383782
383981
384176
384375
384566
384759
384953
385149
385347
385543
385743
385940
386135
386327
386517
386711
386907
387106
387306
387502
387701
387893
388092
388291
388486
388680
388872
389070
389270
389466
389657
389854
390048
390238
390433
390623
390820
391018
391209
391404
391599
391799
391996
392195
392387
392578
392778
392975
393169
393359
393557
393747
393939
394136
394330
394527
394722
394915
395114
395310
395507
395703
395903
396093
396285
396482
396677
396877
397072
397268
397468
397660
397859
398049
398247
398444
398636
398832
399023
399219
399416
399611
399805
400003
400193
400386
400576
400774
400967
401167
401367
401564
401754
401951
402145
402339
402533
402731
402921
403114
403313
403503
403693
403883
404075
404270
404466
404662
404852
405051
405249
405448
405642
405832
406032
406230
406425
406623
406816
407006
407204
407403
407599
407798
407990
408188
408379
408578
408771
408963
409162
409358
409558
409751
409946
410144
410343
410540
410731
410921
411117
411316
411511
411710
411901
412093
412291
412490
412686
412885
413078
413274
413466
413663
413856
414052
414250
414448
414643
414840
415032
415223
415420
415617
415815
416015
416214
416412
416611
416805
417004
417197
417389
417587
417785
417980
418174
418368
418566
418758
418956
419147
419339
419533
419723
419920
420119
420313
420513
420710
420900
421094
421285
421477
421675
421866
422059
422255
422455
422651
422844
423042
423234
423434
423630
423822
424015
424208
424408
424607
424805
425002
425196
425391
425591
425789
425989
426184
426382
426577
426769
426960
427153
427347
427541
427739
427936
428132
428322
428517
428714
428910
429108
429299
429490
429684
429874
430069
430267
430459
430656
430853
431051
431251
431448
431645
431841
432035
432233
432425
432619
432814
433010
433207
433405
433600
433794
433994
434192
434383
434579
434779
434970
435167
435365
435556
435754
435947
436140
436340
436539
436736
436926
437119
437316
437506
437706
437899
438099
438294
438488
438683
438882
439080
439275
439466
439658
439856
440046
440246
440441
440638
440830
441028
441222
441418
441614
441812
442005
442195
442391
442585
442783
442980
443173
443367
443557
443747
443938
444130
444328
444528
444726
444921
445118
445318
445511
445705
445905
446096
446288
446487
446684
446879
447070
447266
447463
447653
447844
448039
448236
448428
448622
448815
449013
449204
449398
449596
449789
449982
450173
450364
450561
450751
450946
451146
451345
451536
451726
451918
452116
452315
452514
452713
452905
453097
453289
453480
453676
453872
454072
454265
454459
454652
454852
455051
455246
455438
455628
455823
456014
456209
456401
456596
456791
456988
457185
457375
457570
457763
457957
458148
458341
458532
458726
458924
459116
459308
459508
459702
459902
460101
460299
460492
460689
460887
461081
461274
461468
461666
461860
462059
462251
462443
462643
462842
463032
463227
463420
463613
463808
464006
464196
464387
464586
464779
464972
465170
465368
465560
465757
465952
466152
466343
466541
466736
466934
467130
467320
467514
467714
467914
468107
468299
468493
468686
468884
469083
469276
469466
469662
469856
470049
470249
470440
470638
470834
471034
471227
471418
471613
471811
472008
472203
472400
472598
472789
472982
473173
473363
473557
473749
473944
474137
474336
474530
474729
474920
475120
475313
475508
475704
475900
476099
476298
476496
476691
476888
477078
477272
477470
477662
477852
478044
478239
478430
478630
478824
479022
479222
479415
479613
479808
480000
480199
480397
480593
480792
480984
481184
481381
481573
481772
481964
482156
482348
482541
482731
482924
483124
483317
483511
483703
483897
484095
484289
484484
484682
484872
485069
485259
485459
485658
485854
486046
486239
486436
486635
486830
487023
487214
487414
487612
487804
487999
488194
488393
488589
488784
488982
489174
489366
489563
489760
489958
490155
490355
490555
490753
490945
491144
491339
491533
491725
491920
492116
492313
492506
492699
492899
493091
493291
493487
493684
493875
494074
494271
494469
494666
494863
495056
495253
495452
495651
495842
496038
496229
496421
496616
496816
497009
497206
497400
497593
497792
497992
498189
498388
498587
498784
498978
499172
499365
499562
499759
499955
500152
500348
500353
500358
500362
500365
500374
500384
500389
500397
500402
500412
500416
500425
500430
500432
500434
500436
500439
500441
500444
500448
500448
500451
500452
500453
500458
500464
500468
500474
500480
500488
500489
500491
500493
500496
500499
500509
500511
500516
500520
500525
500529
500534
500543
500546
500549
500556
500558
500565
500569
500571
500574
500578
500586
500596
500602
500604
500614
500616
500618
500625
500631
500633
500635
500637
500644
500645
500646
500649
500655
500655
500661
500667
500667
500670
500677
500683
500686
500694
500702
500706
500711
500715
500723
500724
500730
500733
500739
500742
500743
500746
500756
500765
500770
500771
500776
500777
500781
500789
500799
500807
500810
500820
500825
500833
500840
500843
500848
500848
500858
500859
500865
500865
500873
500883
500886
500892
500893
500900
500909
500919
500919
500929
500933
500939
500940
500944
500949
500953
500962
500965
500975
500982
500990
500997
500997
500997
500998
501003
501009
501015
501017
501022
501028
501035
501035
501037
501046
501051
501058
501059
501066
501071
501080
501084
501093
501093
501093
501096
501096
501103
501110
501110
501112
501117
501119
501125
501135
501135
501135
501145
501147
501151
501155
501159
501161
501171
501172
501177
501185
501194
501197
501205
501214
501216
501224
501232
501236
501240
501241
501247
501247
501251
501258
501268
501275
501285
501286
501294
501302
501309
501311
501316
501317
501323
501324
501334
501338
501344
501346
501347
501350
501358
501363
501368
501373
501382
501388
501389
501397
501402
501404
501408
501412
501419
501424
501430
501433
501436
501437
501437
501441
501441
501444
501454
501461
501467
501473
501474
501478
501480
501487
501491
501492
501501
501504
501507
501510
501513
501514
501519
501529
501538
501540
501549
501559
501568
501572
501572
501574
501575
501580
501581
501583
501592
501593
501603
501605
501615
501617
501617
501618
501623
501633
501635
501637
501639
501644
501645
501649
501654
501658
501662
501662
501668
501669
501672
501674
501681
501684
501690
501693
501694
501698
501699
501708
501708
501709
501714
501723
501726
501733
501733
501733
501733
501735
501736
501741
501749
501749
501756
501760
501761
501765
501774
501778
501786
501788
501793
501803
501811
501816
501816
501824
501834
501844
501845
501848
501855
501864
501870
501876
501886
501895
501904
501913
501919
501921
501923
501933
501934
501943
501948
501948
501954
501957
501965
501966
501972
501974
501977
501981
501986
501987
501990
501993
501996
501997
502004
502008
502014
502024
502026
502030
502037
502037
502046
502051
502052
502061
502069
502077
502083
502092
502097
502099
502107
502115
502121
502124
502132
502135
502136
502141
502141
502145
502148
502148
502149
502150
502159
502169
502170
502177
502182
502183
502187
502195
502205
502209
502212
502222
502230
502230
502233
502241
502251
502261
502262
502270
502273
502275
502277
502278
502284
502285
502287
502288
502296
502303
502307
502314
502321
502324
502324
502331
502332
502335
502336
502339
502349
502349
502358
502366
502374
502383
502392
502400
502404
502410
502414
502424
502433
502435
502442
502451
502456
502458
502461
502464
502474
502478
502483
502483
502489
502495
502496
502505
502506
502515
502523
502531
502532
502533
502540
502547
502557
502561
502570
502571
502573
502574
502584
502585
502587
502590
502591
502601
502607
502609
502616
502626
502628
502632
502640
502641
502646
502649
502655
502655
502664
502674
502674
502683
502686
502695
502704
502708
502710
502720
502720
502720
502728
502738
502746
502749
502749
502759
502764
502771
502780
502786
502793
502797
502800
502809
502812
502816
502824
502831
502837
502845
502848
502858
502862
502870
502872
502877
502883
502887
502896
502903
502912
502918
502927
502935
502944
502945
502946
502955
502958
502958
502962
502968
502971
502978
502987
502987
502996
503000
503001
503003
503007
503009
503015
503017
503025
503035
503039
503048
503048
503052
503062
503072
503081
503084
503088
503098
503100
503100
503108
503109
503114
503121
503122
503132
503132
503135
503135
503138
503139
503145
503154
503164
503171
503181
503182
503189
503194
503200
503209
503212
503222
503232
503239
503240
503242
503244
503244
503248
503252
503253
503257
503259
503262
503265
503270
503270
503277
503282
503292
503301
503311
503317
503321
503321
503322
503332
503336
503346
503346
503352
503352
503361
503361
503368
503375
503382
503387
503394
503398
503407
503415
503420
503422
503431
503436
503446
503448
503451
503457
503464
503474
503479
503483
503489
503491
503499
503502
503505
503507
503516
503523
503532
503537
503540
503540
503549
503549
503550
503557
503562
503563
503569
503577
503585
503586
503591
503596
503605
503607
503608
503615
503623
503629
503632
503640
503644
503644
503650
503658
503662
503664
503673
503677
503687
503695
503703
503711
503715
503720
503727
503729
503732
503740
503749
503756
503760
503760
503760
503764
503768
503778
503786
503788
503788
503796
503796
503804
503808
503810
503812
503817
503818
503828
503836
503840
503845
503847
503848
503848
503851
503859
503867
503870
503878
503887
503890
503895
503896
503899
503906
503914
503923
503933
503937
503946
503947
503957
503961
503962
503972
503981
503989
503991
504000
504009
504016
504021
504021
504028
504038
504043
504051
504055
504058
504058
504068
504075
504079
504080
504090
504096
504100
504103
504107
504114
504123
504131
504139
504146
504154
504163
504170
504171
504176
504184
504194
504202
504206
504215
504225
504226
504228
504230
504234
504234
504235
504239
504242
504252
504256
504260
504262
504266
504271
504281
504290
504296
504300
504309
504318
504324
504329
504337
504337
504338
504345
504349
504356
504366
504371
504379
504385
504390
504395
504405
504414
504424
504428
504429
504429
504435
504442
504452
504456
504462
504472
504477
504482
504482
504490
504500
504500
504510
504519
504519
504527
504530
504530
504539
504548
504557
504564
504569
504571
504572
504581
504585
504595
504600
504608
504617
504617
504618
504627
504630
504630
504634
504634
504639
504642
504651
504661
504667
504668
504671
504680
504685
504689
504698
504707
504709
504718
504723
504730
504734
504736
504742
504746
504746
504747
504751
504759
504759
504765
504767
504774
504776
504777
504777
504787
504791
504792
504797
504803
504806
504811
504813
504817
504826
504836
504843
504849
504855
504865
504865
504870
504876
504883
504889
504890
504892
504901
504907
504911
504921
504930
504939
504949
504956
504966
504972
504978
504985
504991
504999
505008
505017
505025
505025
505031
505031
505034
505043
505043
505049
505049
505053
505061
505064
505067
505073
505074
505079
505084
505094
505104
505110
505112
505122
505122
505129
505137
505141
505147
505149
505158
505166
505173
505174
505182
505185
505195
505205
505206
505208
505218
505225
505230
505230
505235
505241
505248
505256
505261
505270
505280
505282
505283
505292
505292
505296
505297
505298
505302
505302
505302
505302
505311
505313
505313
505323
505326
505326
505333
505343
505350
505351
505355
505363
505372
505376
505376
505381
505384
505393
505403
505405
505407
505413
505418
505420
505426
505433
505436
505445
505445
505455
505458
505465
505473
505480
505486
505487
505494
505495
505495
505496
505500
505506
505515
505524
505532
505532
505541
505542
505547
505549
505549
505558
505559
505563
505565
505566
505570
505575
505578
505586
505589
505595
505597
505603
505610
505610
505611
505618
505628
505636
505645
505655
505662
505662
505667
505674
505683
505691
505700
505707
505714
505718
505727
505734
505739
505746
505751
505754
505763
505765
505767
505768
505768
505773
505780
505790
505790
505792
505797
505797
505798
505798
505805
505806
505806
505815
505819
505819
505821
505821
505825
505831
505837
505837
505838
505838
505842
505845
505850
505852
505859
505863
505869
505877
505885
505891
505897
505906
505913
505919
505929
505935
505939
505942
505944
505950
505957
505964
505966
505973
505977
505981
505990
505998
506001
506008
506008
506010
506019
506024
506026
506026
506036
506043
506050
506058
506058
506065
506074
506074
506074
506082
506083
506087
506091
506094
506102
506103
506109
506117
506117
506123
506133
506136
506146
506156
506166
506171
506176
506184
506186
506188
506196
506197
506202
506211
506218
506227
506229
506233
506243
506243
506251
506257
506262
506264
506271
506273
506275
506278
506281
506287
506290
506299
506304
506313
506321
506329
506339
506339
506343
506343
506347
506357
506360
506366
506370
506377
506384
506384
506389
506391
506398
506398
506404
506406
506412
506419
506428
506433
506439
506447
506448
506456
506463
506471
506477
506479
506484
506485
506485
506488
506490
506490
506496
506502
506510
506514
506520
506525
506534
506534
506539
506541
506543
506543
506552
506552
506558
506563
506570
506577
506577
506579
506584
506588
506591
506596
506600
506606
506611
506617
506627
506632
506636
506637
506643
506653
506658
506665
506671
506676
506683
506691
506700
506705
506708
506716
506723
506728
506734
506738
506739
506739
506744
506754
506758
506767
506775
506783
506784
506793
506796
506801
506803
506803
506809
506814
506821
506831
506832
506839
506846
506851
506860
506867
506868
506868
506874
506881
506882
506886
506893
506902
506904
506904
506912
506917
506918
506920
506921
506924
506930
506940
506941
506946
506950
506952
506962
506969
506971
506975
506976
506978
506980
506988
506990
506993
506993
506998
507002
507008
507015
507017
507017
507023
507023
507024
507033
507041
507041
507050
507053
507058
507060
507064
507071
507072
507073
507082
507092
507096
507104
507105
507114
507118
507121
507125
507128
507133
507143
507151
507154
507161
507163
507170
507180
507183
507193
507203
507212
507214
507221
507221
507226
507231
507232
507232
507236
507239
507239
507246
507256
507266
507268
507278
507288
507291
507298
507298
507304
507306
507313
507323
507323
507325
507328
507334
507340
507345
507346
507347
507347
507355
507363
507364
507373
507374
507376
507382
507382
507384
507393
507401
507401
507403
507407
507415
507418
507423
507425
507431
507432
507441
507446
507453
507453
507459
507464
507473
507480
507482
507487
507495
507499
507504
507512
507515
507523
507524
507534
507542
507546
507551
507559
507559
507569
507570
507580
507588
507588
507589
507599
507605
507614
507623
507632
507633
507637
507638
507641
507642
507651
507657
507659
507667
507670
507676
507680
507688
507693
507695
507698
507707
507710
507712
507718
507721
507727
507736
507741
507741
507751
507751
507751
507756
507766
507774
507784
507785
507787
507794
507804
507809
507812
507822
507825
507826
507831
507834
507841
507851
507858
507860
507869
507874
507883
507893
507902
507909
507909
507915
507923
507930
507937
507939
507940
507950
507954
507954
507954
507956
507963
507965
507972
507973
507974
507980
507990
508000
508009
508013
508023
508029
508032
508036
508046
508049
508052
508060
508070
508072
508077
508083
508091
508100
508109
508114
508121
508129
508137
508142
508146
508154
508155
508156
508163
508171
508178
508184
508184
508191
508192
508200
508206
508209
508218
508228
508236
508237
508246
508246
508247
508254
508259
508259
508266
508276
508284
508292
508296
508306
508306
508315
508319
508324
508324
508332
508332
508336
508338
508340
508340
508347
508348
508358
508367
508368
508373
508382
508387
508397
508399
508408
508413
508413
508422
508427
508429
508433
508442
508446
508446
508452
508458
508467
508469
508469
508472
508477
508487
508488
508497
508505
508505
508510
508516
508520
508526
508532
508536
508545
508550
508555
508556
508566
508571
508575
508579
508583
508588
508598
508604
508611
508619
508621
508627
508636
508642
508647
508649
508657
508664
508664
508674
508684
508684
508686
508693
508696
508698
508705
508712
508713
508713
508715
508717
508725
508733
508742
508752
508755
508759
508768
508774
508776
508779
508784
508791
508798
508801
508810
508817
508826
508834
508836
508842
508849
508853
508863
508863
508870
508877
508887
508889
508893
508893
508900
508907
508915
508925
508930
508937
508946
508954
508956
508956
508963
508964
508968
508974
508979
508979
508982
508990
508999
509003
509008
509018
509024
509028
509029
509030
509036
509040
509050
509060
509063
509063
509066
509070
509077
509079
509085
509087
509088
509093
509096
509101
509103
509111
509117
509124
509129
509136
509145
509150
509152
509161
509169
509178
509178
509186
509193
509193
509199
509199
509207
509209
509210
509213
509215
509223
509223
509224
509227
509235
509244
509249
509256
509266
509271
509275
509283
509287
509296
509303
509307
509309
509319
509322
509323
509328
509334
509342
509348
509350
509359
509362
509368
509376
509376
509384
509384
509393
509399
509400
509409
509410
509419
509429
509436
509439
509446
509452
509453
509459
509463
509469
509472
509477
509481
509484
509484
509493
509496
509500
509508
509518
509518
509518
509526
509533
509538
509538
509548
509548
509549
509549
509558
509565
509571
509571
509573
509583
509589
509598
509606
509607
509617
509624
509634
509639
509646
509650
509650
509656
509658
509661
509666
509667
509668
509671
509677
509683
509685
509685
509695
509703
509704
509706
509711
509715
509719
509719
509719
509728
509737
509738
509738
509740
509749
509754
509755
509761
509767
509777
509777
509781
509784
509793
509797
509804
509806
509813
509821
509824
509834
509839
509847
509853
509861
509869
509878
509887
509897
509898
509903
509911
509917
509920
509925
509931
509935
509943
509947
509949
509951
509954
509964
509967
509967
509977
509977
509983
509985
509985
509985
509990
509993
510000
510009
510019
510023
510031
510032
510037
510042
510047
510053
510063
510063
510069
510074
510079
510084
510089
510093
510099
510108
510110
510113
510123
510123
510127
510131
510135
510137
510137
510146
510149
510157
510162
510163
510167
510170
510178
510178
510180
510188
510193
510202
510211
510215
510218
510227
510229
510237
510245
510249
510258
510266
510268
510269
510276
510285
510294
510294
510295
510295
510303
510312
510317
510327
510337
510339
510345
510352
510353
510361
510368
510372
510372
510377
510378
510379
510381
510387
510388
510396
510400
510405
510408
510414
510421
510431
510440
510445
510445
510453
510453
510462
510468
510475
510479
510482
510487
510489
510490
510493
510500
510502
510511
510511
510519
510519
510523
510526
510535
510540
510540
510547
510550
510550
510553
510556
510562
510568
510572
510574
510583
510586
510596
510599
510608
510608
510616
510618
510620
510620
510629
510632
510635
510637
510646
510652
510653
510657
510665
510666
510675
510677
510680
510690
510697
510706
510708
510713
510719
510724
510725
510728
510738
510745
510755
510759
510768
510771
510781
510782
510785
510795
510800
510804
510812
510814
510822
510832
510836
510837
510845
510848
510857
510866
510874
510880
510890
510898
510905
510905
510911
510919
510926
510936
510944
510944
510953
510958
510966
510971
510975
510979
510984
510988
510989
510997
510998
511007
511016
511022
511026
511036
511044
511052
511054
511063
511064
511068
511077
511082
511086
511087
511094
511100
511104
511106
511112
511117
511117
511123
511124
511126
511130
511136
511141
511143
511152
511152
511154
511159
511159
511163
511169
511172
511180
511181
511182
511186
511188
511191
511199
511205
511208
511208
511214
511224
511233
511237
511247
511251
511257
511260
511270
511278
511280
511280
511289
511290
511300
511304
511306
511316
511326
511332
511337
511338
511345
511354
511356
511362
511365
511369
511373
511380
511385
511389
511398
511406
511413
511421
511425
511426
511433
511433
511436
511445
511449
511459
511467
511474
511484
511494
511503
511505
511511
511520
511524
511533
511533
511534
511539
511541
511546
511546
511554
511560
511569
511577
511581
511588
511596
511603
511607
511609
511616
511619
511624
511632
511635
511639
511644
511645
511653
511662
511669
511671
511674
511680
511690
511691
511692
511693
511701
511709
511714
511723
511725
511734
511735
511738
511738
511742
511750
511752
511753
511761
511762
511768
511768
511775
511784
511784
511788
511794
511804
511811
511811
511816
511819
511823
511831
511841
511848
511853
511854
511854
511854
511855
511862
511867
511868
511878
511879
511886
511888
511888
511888
511890
511897
511905
511914
511921
511928
511932
511941
511941
511950
511956
511966
511969
511973
511980
511989
511989
511998
512003
512013
512021
512027
512033
512036
512046
512053
512053
512061
512065
512066
512074
512078
512078
512083
512083
512091
512091
512097
512107
512115
512117
512127
512133
512136
512145
512155
512165
512175
512183
512191
512194
512197
512200
512208
512216
512226
512229
512239
512246
512253
512255
512256
512257
512266
512269
512270
512278
512285
512290
512295
512300
512310
512311
512320
512326
512334
512337
512344
512348
512348
512353
512358
512366
512370
512378
512378
512384
512390
512397
512397
512399
512409
512411
512415
512419
512428
512429
512429
512437
512445
512447
512449
512450
512453
512455
512459
512462
512464
512466
512470
512471
512474
512483
512493
512498
512498
512498
512503
512506
512507
512508
512508
512509
512512
512522
512523
512530
512533
512536
512543
512551
512556
512556
512565
512573
512573
512581
512582
512583
512592
512598
512601
512610
512617
512626
512629
512638
512641
512643
512643
512653
512659
512663
512667
512671
512672
512676
512685
512690
512693
512697
512703
512712
512718
512720
512724
512728
512730
512740
512750
512758
512766
512770
512779
512787
512797
512804
512813
512817
512825
512826
512834
512838
512840
512842
512850
512857
512865
512870
512871
512876
512878
512888
512890
512894
513087
513284
513475
513673
513864
514061
514261
514459
514652
514844
515035
515229
515424
515620
515814
516010
516207
516399
516594
516793
516990
517189
517383
517575
517765
517956
518153
518348
518540
518733
518932
519130
519325
519524
519723
519919
520112
520303
520501
520695
520893
521093
521292
521485
521684
521880
522072
522270
522467
522666
522861
523051
523251
523442
523642
523834
524027
524227
524425
524615
524806
525002
525202
525399
525599
525792
525986
526177
526371
526561
526753
526950
527142
527337
527528
527727
527926
528116
528309
528506
528702
528900
529096
529290
529485
529685
529883
530078
530271
530470
530664
530855
531045
531237
531428
531628
531826
532020
532216
532413
532605
532799
532999
533197
533388
533583
533773
533969
534164
534363
534559
534759
534951
535148
535347
535538
535728
535920
536110
536307
536497
536692
536888
537086
537282
537476
537672
537862
538060
538253
538443
538642
538832
539022
539217
539407
539600
539798
539992
540182
540380
540578
540769
540965
541156
541347
541538
541732
541926
542119
542311
542506
542700
542900
543094
543290
543480
543680
543877
544068
544268
544466
544663
544854
545049
545240
545438
545632
545827
546022
546216
546407
546600
546792
546983
547176
547374
547566
547760
547954
548146
548339
548538
548733
548930
549130
549324
549514
549714
549904
550096
550293
550492
550682
550881
551081
551277
551476
551670
551868
552066
552261
552457
552657
552853
553052
553249
553448
553639
553832
554032
554224
554423
554614
554808
554998
555188
555379
555579
555773
555972
556162
556361
556554
556752
556943
557136
557330
557522
557719
557916
558108
558307
558507
558698
558894
559084
559279
559479
559673
559872
560072
560267
560465
560662
560857
561053
561250
561446
561637
561831
562023
562222
562412
562604
562796
562995
563185
563375
563570
563765
563955
564150
564341
564540
564734
564926
565117
565314
565509
565707
565905
566097
566297
566497
566695
566893
567093
567287
567484
567679
567878
568078
568278
568476
568669
568866
569065
569261
569451
569645
569836
570033
570230
570428
570624
570814
571009
571205
571395
571595
571793
571992
572190
572388
572586
572783
572975
573169
573363
573557
573751
573948
574148
574344
574539
574738
574938
575133
575323
575522
575720
575919
576119
576317
576513
576707
576902
577093
577284
577481
577675
577873
578070
578264
578460
578653
578852
579045
579243
579439
579630
579823
580021
580220
580411
580602
580801
581001
581193
581387
581582
581780
581971
582162
582357
582550
582747
582940
583132
583326
583526
583721
583918
584114
584307
584499
584689
584883
585073
585271
585461
585659
585850
586047
586239
586432
586622
586818
587013
587213
587408
587603
587796
587987
588179
588372
588572
588764
588954
589147
589337
589531
589731
589926
590123
590321
590513
590706
590901
591092
591286
591477
591673
591866
592060
592250
592440
592637
592833
593024
593217
593414
593614
593805
593997
594191
594382
594575
594775
594974
595170
595366
595559
595755
595950
596148
596347
596544
596744
596941
597133
597323
597517
597715
597905
598098
598298
598496
598693
598888
599087
599278
599469
599661
599859
600056
600249
600446
600644
600839
601029
601226
601425
601624
601822
602016
602207
602407
602597
602789
602983
603182
603372
603569
603766
603959
604153
604347
604543
604733
604928
605118
605316
605506
605702
605894
606093
606289
606488
606678
606875
607068
607262
607461
607654
607851
608045
608245
608436
608635
608834
609024
609224
609414
609605
609805
609999
610194
610390
610585
610784
610974
611169
611360
611558
611757
611955
612154
612344
612535
612729
612925
613121
613315
613505
613704
613895
614088
614287
614487
614681
614881
615079
615273
615467
615660
615853
616048
616246
616446
616640
616838
617033
617233
617430
617620
617817
618010
618204
618396
618587
618779
618970
619162
619358
619549
619742
619933
620129
620325
620525
620721
620919
621119
621316
621507
621706
621901
622094
622284
622476
622673
622869
623060
623260
623455
623645
623840
624033
624224
624418
624613
624811
625005
625201
625400
625593
625783
625974
626171
626364
626560
626753
626945
627139
627336
627532
627723
627922
628120
628316
628515
628706
628906
629100
629293
629487
629681
629877
630068
630260
630456
630656
630846
631042
631241
631441
631634
631829
632020
632217
632413
632608
632807
633007
633201
633398
633598
633791
633990
634184
634375
634574
634768
634958
635148
635343
635540
635735
635935
636126
636324
636517
636710
636903
637099
637292
637484
637682
637882
638079
638269
638460
638658
638858
639050
639246
639443
639633
639825
640018
640213
640405
640595
640786
640983
641179
641376
641566
641756
641949
642139
642333
642533
642727
642924
643117
643312
643510
643710
643908
644102
644294
644486
644679
644872
645063
645257
645450
645644
645842
646032
646228
646423
646622
646813
647010
647202
647397
647594
647790
647984
648180
648370
648560
648757
648947
649146
649346
649539
649735
649930
650120
650319
650516
650715
650908
651098
651297
651489
651679
651879
652075
652267
652458
652652
652851
653050
653250
653450
653650
653847
654046
654240
654438
654637
654829
655024
655214
655408
655598
655788
655983
656182
656379
656578
656772
656966
657157
657350
657544
657741
657933
658125
658320
658520
658718
658915
659111
659308
659500
659698
659892
660086
660278
660468
660664
660855
661053
661247
661442
661633
661830
662025
662221
662411
662608
662799
662998
663191
663383
663579
663779
663974
664169
664366
664561
664754
664948
665143
665343
665541
665731
665923
666116
666313
666509
666701
666901
667100
667297
667495
667690
667886
668083
668278
668474
668665
668860
669051
669247
669441
669635
669835
670033
670232
670431
670625
670815
671010
671201
671395
671593
671788
671980
672175
672371
672565
672758
672951
673142
673334
673532
673722
673919
674110
674306
674503
674696
674895
675087
675285
675478
675668
675864
676061
676252
676442
676642
676832
677026
677218
677418
677618
677818
678018
678211
678406
678597
678789
678988
679182
679374
679571
679768
679960
680157
680354
680546
680741
680939
681131
681326
681522
681721
681919
682119
682311
682508
682702
682895
683092
683284
683477
683669
683866
684061
684261
684458
684654
684852
685048
685238
685434
685624
685815
686009
686202
686394
686591
686791
686985
687177
687374
687571
687771
687961
688153
688349
688548
688744
688934
689133
689332
689532
689725
689920
690113
690304
690495
690685
690879
691076
691266
691466
691663
691857
692053
692252
692443
692638
692832
693024
693219
693419
693611
693805
694004
694202
694401
694599
694799
694990
695181
695381
695575
695766
695958
696151
696351
696545
696744
696936
697135
697327
697525
697725
697916
698113
698308
698503
698695
698894
699092
699283
699482
699676
699870
700069
700262
700461
700660
700856
701049
701240
701438
701631
701828
702018
702218
702414
702612
702810
703001
703201
703396
703591
703786
703981
704179
704369
704567
704762
704962
705159
705352
705543
705739
705932
706131
706329
706526
706723
706917
707109
707299
707499
707690
707890
708088
708280
708471
708668
708866
709065
709257
709450
709646
709838
710037
710232
710422
710618
710808
711002
711196
711389
711586
711786
711977
712174
712371
712566
712759
712959
713155
713354
713547
713737
713935
714128
714319
714517
714716
714916
715115
715315
715512
715703
715900
716090
716287
716487
716677
716877
717067
717259
717453
717644
717842
718040
718240
718434
718627
718820
719020
719220
719413
719606
719804
719997
720195
720394
720594
720784
720977
721173
721371
721568
721760
721950
722147
722344
722539
722735
722930
723120
723316
723508
723707
723905
724098
724296
724491
724685
724875
725070
725262
725461
725652
725849
726047
726240
726432
726625
726819
727018
727217
727413
727610
727804
727994
728189
728381
728574
728773
728968
729166
729363
729561
729761
729959
730152
730348
730547
730747
730938
731135
731326
731523
731716
731911
732110
732309
732501
732696
732887
733080
733279
733479
733669
733869
734064
734254
734451
734646
734843
735035
735226
735416
735606
735800
735990
736190
736381
736571
736764
736954
737149
737342
737534
737724
737921
738119
738315
738515
738705
738905
739095
739289
739483
739679
739878
740070
740261
740454
740645
740839
741030
741222
741419
741615
741810
742002
742199
742390
742586
742783
742978
743171
743361
743559
743753
743950
744146
744338
744535
744729
744923
745118
745314
745506
745696
745895
746092
746285
746480
746673
746871
747064
747259
747458
747649
747849
748045
748241
748438
748629
748823
749020
749212
749402
749596
749787
749986
750178
750376
750576
750766
750965
751156
751349
751547
751741
751932
752123
752317
752507
752698
752895
753095
753287
753479
753679
753874
754073
754267
754463
754657
754856
755053
755244
755436
755626
755824
756018
756211
756406
756597
756787
756979
757176
757373
757566
757762
757953
758149
758343
758534
758732
758922
759114
759304
759496
759696
759896
760094
760291
760484
760682
760882
761076
761267
761462
761662
761862
762054
762254
762450
762642
762838
763030
763230
763429
763629
763821
764018
764209
764406
764606
764803
764997
765195
765395
765595
765789
765981
766179
766373
766568
766762
766961
767154
767347
767546
767736
767926
768125
768318
768513
768703
768897
769095
769288
769487
769679
769874
770066
770256
770446
770640
770840
771037
771235
771425
771621
771818
772008
772200
772398
772596
772786
772985
773178
773375
773574
773765
773962
774155
774349
774544
774742
774935
775126
775324
775518
775713
775913
776108
776303
776502
776701
776893
777089
777288
777482
777679
777874
778066
778263
778461
778655
778850
779045
779241
779432
779622
779813
780009
780200
780391
780583
780778
780974
781166
781363
781554
781750
781940
782132
782326
782521
782719
782914
783111
783308
783503
783698
783892
784087
784279
784470
784666
784863
785062
785262
785455
785650
785847
786040
786234
786433
786627
786825
787024
787219
787418
787615
787813
788006
788196
788389
788583
788776
788976
789168
789367
789563
789761
789955
790145
790335
790530
790726
790923
791115
791309
791499
791693
791890
792085
792276
792469
792665
792855
793052
793242
793439
793631
793824
794020
794212
794406
794598
794791
794984
795184
795384
795575
795771
795967
796161
796351
796549
796739
796934
797126
797318
797512
797712
797906
798104
798302
798499
798691
798884
799084
799279
799479
799671
799862
800059
800257
800457
800655
800850
801041
801241
801437
801631
801821
802018
802212
802405
802598
802796
802995
803193
803388
803583
803783
803982
804180
804376
804575
804775
804972
805167
805358
805555
805745
805939
806133
806332
806529
806728
806923
807123
807317
807516
807713
807912
808111
808307
808497
808692
808890
809087
809285
809476
809673
809871
810069
810264
810457
810648
810842
811033
811228
811422
811622
811819
812015
812214
812406
812600
812799
812992
813190
813382
813580
813773
813965
814160
814360
814550
814741
814932
815131
815328
815518
815709
815902
816095
816288
816482
816679
816879
817072
817270
817469
817661
817861
818056
818249
818446
818644
818838
819035
819234
819433
819632
819828
820018
820212
820402
820592
820790
820982
821172
821371
821565
821760
821955
822150
822348
822538
822732
822929
823123
823322
823517
823709
823900
824099
824290
824483
824676
824870
825070
825267
825462
825660
825860
826052
826248
826438
826634
826829
827022
827215
827405
827601
827795
827992
828187
828382
828574
828770
828965
829156
829348
829540
829735
829931
830125
830325
830519
830719
830915
831106
831298
831490
831682
831876
832068
832264
832459
832656
832854
833044
833238
833438
833629
833825
834015
834207
834405
834595
834787
834981
835180
835370
835562
835754
835954
836154
836352
836543
836741
836931
837121
837319
837511
837703
837898
838089
838284
838476
838668
838859
839051
839244
839436
839631
839822
840013
840207
840404
840602
840792
840990
841184
841374
841569
841767
841966
842166
842365
842557
842748
842945
843141
843334
843532
843723
843918
844110
844304
844502
844701
844899
845096
845294
845490
845683
845879
846075
846265
846458
846654
846853
847052
847247
847441
847638
847836
848026
848223
848417
848611
848808
849003
849196
849394
849593
849783
849980
850179
850373
850572
850765
850963
851153
851345
851535
851726
851918
852118
852316
852508
852702
852902
853097
853295
853494
853686
853882
854079
854278
854468
854658
854851
855048
855247
855444
855636
855832
856024
856224
856424
856616
856807
857000
857190
857387
857581
857771
857971
858163
858357
858547
858740
858940
859135
859331
859530
859723
859923
860123
860318
860516
860715
860915
861107
861302
861498
861695
861888
862086
862277
862468
862668
862865
863058
863252
863446
863644
863843
864035
864232
864423
864614
864812
865006
865201
865393
865583
865780
865977
866171
866363
866563
866754
866954
867144
867339
867529
867722
867919
868116
868315
868513
868708
868905
869101
869296
869490
869688
869879
870070
870264
870461
870651
870848
871043
871233
871431
871626
871822
872020
872216
872407
872604
872802
872997
873195
873390
873588
873786
873984
874181
874378
874577
874773
874972
875170
875369
875565
875758
875957
876155
876349
876542
876733
876926
877116
877315
877510
877701
877894
878092
878292
878488
878681
878872
879069
879259
879457
879649
879841
880038
880232
880430
880629
880827
881021
881212
881407
881597
881797
881989
882179
882376
882568
882768
882967
883165
883365
883565
883763
883963
884156
884353
884549
884744
884936
885132
885326
885520
885712
885908
886103
886294
886488
886683
886883
887077
887277
887467
887657
887857
888056
888255
888452
888651
888842
889037
889232
889429
889621
889814
890014
890208
890407
890607
890804
890995
891185
891375
891572
891771
891969
892166
892363
892557
892749
892939
893135
893331
893531
893731
893926
894122
894319
894514
894709
894905
895095
895288
895480
895672
895870
896062
896262
896462
896662
896857
897052
897244
897437
897630
897821
898011
898202
898393
898591
898790
898986
899176
899368
899562
899760
899958
900154
900347
900538
900738
900931
901131
901330
901523
901719
901915
902111
902301
902497
902688
902883
903075
903265
903457
903657
903847
904046
904241
904439
904635
904833
905033
905223
905420
905620
905817
906015
906205
906397
906594
906784
906975
907169
907362
907561
907761
907952
908151
908351
908547
908746
908937
909136
909326
909526
909723
909914
910111
910308
910508
910701
910900
911098
911296
911487
911685
911883
912076
912270
912465
912663
912863
913063
913259
913454
913650
913840
914038
914231
914425
914615
914811
915009
915205
915395
915593
915792
915984
916174
916372
916570
916766
916961
917153
917343
917537
917727
917922
918121
918321
918516
918712
918909
919107
919298
919490
919686
919882
920073
920265
920457
920651
920843
921039
921236
921436
921627
921826
922024
922220
922419
922614
922804
922998
923196
923394
923589
923789
923979
924175
924371
924563
924761
924951
925143
925333
925524
925720
925910
926108
926298
926490
926686
926879
927073
927269
927461
927651
927847
928039
928231
928430
928629
928822
929012
929206
929400
929593
929786
929986
930185
930375
930565
930755
930954
931149
931348
931540
931735
931932
932131
932322
932519
932718
932917
933113
933310
933508
933698
933898
934095
934290
934486
934682
934878
935070
935268
935461
935657
935856
936047
936246
936446
936639
936830
937020
937215
937414
937614
937807
938006
938205
938397
938597
938795
938994
939194
939389
939589
939783
939977
940173
940364
940558
940754
940945
941141
941337
941527
941719
941919
942119
942309
942508
942699
942899
943095
943295
943490
943680
943879
944070
944268
944467
944663
944856
945053
945246
945439
945634
945831
946024
946223
946415
946612
946802
946993
947188
947380
947576
947772
947968
948161
948359
948550
948748
948941
949135
949333
949532
949729
949927
950117
950315
950508
950700
950891
951089
951285
951483
951681
951874
952064
952264
952455
952649
952848
953041
953236
953431
953628
953826
954016
954210
954410
954609
954804
955000
955195
955388
955585
955780
955970
956168
956364
956564
956762
956962
957152
957352
957543
957736
957933
958124
958320
958513
958705
958905
959101
959293
959491
959688
959880
960073
960265
960458
960649
960844
961037
961233
961423
961621
961812
962005
962201
962398
962589
962786
962982
963174
963369
963566
963761
963953
964146
964346
964538
964738
964928
965127
965318
965509
965701
965896
966087
966279
966477
966669
966860
967055
967245
967440
967634
967830
968023
968217
968409
968602
968801
968999
969190
969380
969580
969774
969967
970167
970357
970553
970749
970948
971147
971347
971537
971729
971927
972126
972317
972511
972702
972901
973093
973293
973492
973682
973879
974077
974267
974466
974659
974857
975055
975254
975446
975640
975832
976030
976221
976412
976605
976798
976989
977179
977373
977571
977766
977960
978156
978346
978540
978734
978925
979120
979320
979518
979713
979911
980107
980301
980492
980691
980885
981083
981273
981469
981665
981860
982058
982258
982455
982648
982840
983032
983227
983417
983615
983807
984005
984195
984390
984584
984778
984978
985173
985367
985564
985756
985946
986146
986342
986537
986732
986931
987124
987323
987520
987720
987912
988106
988296
988490
988690
988885
989078
989275
989467
989662
989852
990046
990242
990438
990628
990818
991014
991206
991397
991587
991784
991982
992175
992370
992560
992756
992952
993150
993343
993536
993736
993935
994126
994325
994519
994716
994910
995104
995304
995494
995693
995891
996087
996279
996477
996669
996863
997063
997254
997449
997646
997844
998036
998228
998423
998623
998818
999011
999201
999391
999590
999784
999979
1000171
