0
6
6
12
14
20
25
30
35
41
45
55
57
65
69
75
83
90
99
108
115
115
122
129
130
139
148
157
159
168
173
176
176
185
188
196
206
214
217
218
225
230
237
243
252
261
263
270
273
280
287
287
291
300
300
308
316
326
333
342
343
348
358
363
367
371
378
388
392
396
396
401
404
413
418
427
430
439
445
451
458
460
467
472
482
484
491
496
500
506
516
524
528
536
543
549
556
557
560
564
570
579
579
585
586
587
595
602
612
618
619
628
630
634
639
642
645
645
649
654
656
657
660
669
670
678
688
693
693
703
706
714
723
726
727
727
732
733
737
738
745
755
758
765
775
775
778
787
797
800
802
803
810
817
818
826
830
840
846
848
856
858
863
866
876
879
883
890
892
900
900
900
908
908
908
910
917
926
930
937
946
947
956
959
966
970
970
973
973
976
984
989
992
997
997
1005
1010
1019
1019
1029
1037
1042
1052
1058
1068
1071
1077
1083
1092
1101
1104
1106
1108
1114
1123
1127
1137
1146
1151
1157
1162
1167
1172
1177
1185
1190
1198
1204
1214
1223
1224
1229
1237
1244
1244
1246
1255
1258
1263
1264
1266
1266
1266
1273
1273
1282
1283
1288
1294
1298
1304
1309
1317
1327
1334
1344
1345
1347
1347
1357
1357
1359
1362
1364
1371
1372
1379
1380
1386
1394
1403
1405
1411
1417
1418
1418
1419
1423
1426
1435
1437
1438
1446
1448
1448
1454
1461
1465
1469
1478
1478
1480
1490
1498
1499
1499
1501
1509
1509
1514
1514
1514
1517
1523
1523
1527
1537
1545
1552
1557
1561
1563
1563
1567
1571
1572
1574
1584
1590
1590
1598
1605
1608
1613
1614
1614
1619
1619
1626
1633
1643
1652
1652
1653
1659
1663
1671
1674
1675
1676
1686
1687
1695
1696
1698
1704
1708
1709
1716
1721
1730
1735
1737
1741
1747
1756
1760
1764
1767
1772
1773
1776
1777
1783
1791
1796
1801
1802
1812
1814
1824
1829
1835
1842
1848
1851
1860
1864
1868
1878
1881
1890
1897
1907
1910
1910
1913
1915
1919
1920
1928
1928
1936
1944
1948
1955
1957
1964
1974
1980
1988
1989
1996
2006
2010
2013
2016
2019
2029
2030
2037
2040
2046
2046
2046
2048
2057
2067
2077
2078
2083
2084
2085
2090
2095
2103
2112
2114
2116
2126
2132
2135
2139
2141
2143
2152
2160
2170
2173
2179
2187
2189
2195
2202
2210
2216
2223
2223
2231
2238
2245
2248
2251
2261
2269
2271
2272
2276
2276
2276
2277
2279
2286
2293
2302
2311
2311
2316
2325
2326
2328
2328
2334
2335
2337
2339
2342
2344
2352
2353
2360
2368
2374
2378
2383
2383
2393
2394
2401
2402
2412
2413
2420
2423
2430
2432
2438
2447
2454
2460
2466
2468
2472
2476
2484
2492
2494
2503
2505
2508
2510
2520
2525
2530
2534
2540
2547
2550
2554
2563
2564
2572
2575
2582
2582
2590
2591
2596
2603
2605
2609
2616
2625
2628
2637
2645
2646
2654
2658
2658
2659
2669
2670
2679
2682
2687
2693
2702
2704
2705
2711
2720
2723
2724
2734
2742
2744
2748
2749
2752
2760
2760
2768
2768
2770
2779
2782
2788
2798
2799
2805
2809
2809
2812
2812
2821
2823
2827
2827
2832
2840
2844
2853
2854
2861
2867
2876
2882
2882
2887
2892
2895
2905
2911
2913
2916
2922
2926
2928
2936
2943
2950
2958
2963
2963
2964
2972
2977
2979
2985
2992
3001
3008
3016
3026
3028
3028
3029
3035
3045
3051
3058
3067
3068
3074
3075
3080
3082
3082
3089
3098
3108
3113
3116
3117
3126
3132
3140
3140
3148
3156
3164
3164
3169
3170
3176
3185
3192
3201
3211
3217
3222
3228
3237
3241
3247
3255
3264
3270
3274
3278
3284
3291
3294
3295
3299
3302
3307
3309
3311
3314
3315
3323
3324
3327
3327
3329
3337
3337
3346
3352
3358
3364
3368
3376
3385
3389
3397
3400
3410
3414
3422
3431
3436
3441
3441
3442
3450
3454
3459
3459
3460
3467
3473
3479
3485
3490
3496
3503
3506
3512
3521
3524
3533
3536
3542
3542
3543
3546
3552
3561
3561
3570
3572
3572
3581
3581
3584
3584
3589
3595
3604
3606
3607
3615
3625
3629
3637
3638
3641
3641
3641
3646
3648
3655
3658
3666
3668
3671
3673
3678
3678
3685
3689
3695
3701
3709
3709
3717
3717
3718
3719
3726
3727
3737
3739
3741
3746
3755
3755
3760
3770
3777
3786
3789
3797
3804
3809
3813
3819
3827
3833
3840
3849
3854
3860
3861
3865
3870
3876
3881
3884
3893
3897
3897
3899
3906
3914
3923
3930
3930
3937
3938
3939
3945
3946
3955
3965
3967
3967
3975
3979
3981
3988
3993
3993
4001
4008
4016
4019
4022
4032
4036
4036
4037
4037
4047
4048
4055
4055
4064
4073
4083
4089
4098
4100
4109
4113
4113
4114
4120
4121
4127
4133
4143
4143
4144
4153
4163
4172
4172
4179
4181
4189
4189
4191
4201
4210
4214
4216
4220
4230
4234
4238
4248
4254
4257
4264
4264
4267
4268
4276
4281
4282
4287
4294
4297
4302
4311
4316
4322
4325
4330
4338
4342
4349
4358
4363
4363
4372
4378
4386
4396
4403
4405
4407
4417
4419
4424
4424
4428
4437
4447
4455
4456
4462
4471
4474
4481
4483
4486
4486
4486
4492
4495
4505
4515
4524
4530
4530
4540
4544
4554
4556
4564
4569
4573
4574
4574
4578
4582
4583
4584
4588
4593
4600
4609
4612
4612
4612
4620
4630
4639
4639
4648
4657
4657
4663
4664
4672
4674
4684
4685
4685
4688
4696
4703
4705
4715
4723
4733
4743
4753
4761
4767
4776
4783
4790
4795
4804
4808
4818
4825
4834
4843
4847
4855
4863
4871
4880
4884
4894
4897
4904
4908
4911
4915
4919
4922
4922
4923
4933
4942
4950
4960
4970
4973
4979
4984
4986
4989
4993
4997
5007
5011
5017
5018
5023
5026
5034
5040
5040
5048
5053
5062
5069
5069
5072
5081
5082
5084
5093
5099
5104
5112
5118
5127
5135
5135
5144
5154
5163
5172
5179
5182
5186
5192
5195
5196
5204
5205
5208
5210
5216
5222
5225
5232
5242
5251
5252
5258
5266
5274
5281
5284
5292
5296
5297
5302
5304
5314
5322
5326
5331
5336
5341
5342
5345
5350
5354
5358
5358
5366
5369
5371
5381
5391
5394
5400
5409
5416
5425
5427
5435
5442
5452
5456
5466
5475
5481
5483
5486
5492
5501
5508
5508
5515
5517
5526
5536
5543
5552
5561
5565
5568
5576
5578
5586
5593
5602
5610
5612
5615
5619
5621
5629
5629
5636
5636
5642
5650
5652
5658
5666
5673
5673
5682
5692
5693
5699
5706
5711
5714
5718
5726
5729
5739
5747
5754
5760
5767
5776
5778
5782
5790
5798
5798
5806
5814
5821
5829
5831
5831
5839
5843
5849
5859
5869
5869
5877
5885
5894
5896
5903
5906
5907
5913
5921
5926
5934
5935
5945
5947
5954
5960
5969
5976
5977
5978
5988
5992
5998
5999
6006
6011
6016
6026
6026
6026
6027
6031
6031
6040
6045
6052
6059
6060
6060
6066
6076
6082
6083
6089
6090
6100
6102
6109
6118
6120
6121
6123
6132
6134
6134
6142
6143
6146
6146
6147
6150
6154
6157
6163
6166
6168
6174
6176
6176
6178
6184
6187
6192
6194
6199
6207
6213
6223
6233
6235
6237
6239
6248
6250
6254
6263
6267
6277
6277
6284
6291
6297
6297
6305
6311
6312
6318
6323
6324
6324
6328
6337
6347
6355
6357
6363
6367
6373
6378
6378
6378
6382
6384
6393
6401
6402
6408
6416
6416
6419
6421
6426
6428
6436
6442
6448
6450
6456
6458
6460
6465
6469
6471
6476
6476
6482
6487
6493
6494
6501
6511
6512
6519
6523
6524
6525
6530
6537
6544
6550
6554
6555
6565
6568
6570
6579
6585
6593
6602
6602
6610
6611
6611
6618
6627
6631
6633
6642
6648
6657
6665
6666
6675
6678
6683
6690
6691
6699
6700
6707
6716
6720
6725
6727
6732
6735
6742
6750
6755
6755
6759
6764
6769
6769
6774
6775
6781
6788
6789
6791
6795
6802
6807
6813
6814
6822
6832
6836
6840
6840
6841
6842
6852
6862
6871
6878
6878
6883
6890
6893
6896
6900
6910
6915
6924
6932
6937
6947
6947
6955
6958
6958
6967
6974
6983
6986
6992
6996
6996
6999
6999
7006
7008
7008
7010
7015
7015
7024
7026
7030
7036
7042
7043
7049
7058
7065
7065
7072
7081
7088
7091
7093
7097
7105
7105
7108
7113
7118
7126
7129
7129
7137
7138
7145
7146
7146
7155
7163
7163
7166
7166
7175
7185
7186
7192
7202
7204
7207
7212
7222
7225
7225
7226
7235
7241
7246
7246
7249
7252
7257
7257
7258
7268
7270
7272
7276
7279
7285
7289
7290
7293
7295
7301
7305
7312
7314
7318
7322
7331
7334
7340
7348
7353
7353
7361
7369
7373
7379
7386
7395
7399
7405
7409
7412
7416
7420
7426
7432
7437
7441
7443
7447
7447
7451
7455
7464
7464
7466
7476
7476
7482
7489
7497
7503
7504
7504
7506
7509
7513
7514
7521
7527
7532
7533
7533
7536
7540
7545
7550
7558
7566
7570
7573
7582
7592
7592
7593
7593
7599
7599
7603
7607
7612
7615
7616
7621
7623
7630
7632
7636
7636
7645
7645
7653
7662
7672
7676
7676
7682
7683
7684
7684
7685
7693
7694
7703
7710
7720
7720
7726
7735
7741
7751
7757
7763
7769
7772
7775
7779
7786
7790
7797
7797
7803
7810
7811
7821
7826
7832
7839
7841
7847
7848
7856
7866
7876
7882
7892
7901
7904
7909
7913
7918
7921
7924
7929
7931
7933
7943
7947
7952
7954
7963
7964
7968
7975
7979
7979
7989
7999
7999
8006
8007
8009
8013
8018
8020
8026
8029
8031
8037
8038
8040
8044
8047
8052
8062
8065
8072
8082
8089
8096
8100
8108
8114
8122
8123
8129
8137
8146
8149
8157
8164
8164
8173
8175
8178
8182
8191
8199
8204
8210
8212
8218
8224
8233
8239
8242
8245
8245
8253
8254
8262
8268
8278
8285
8292
8295
8295
8297
8301
8310
8311
8311
8312
8319
8321
8331
8341
8342
8352
8359
8362
8369
8371
8375
8383
8391
8398
8401
8409
8413
8421
8430
8434
8437
8440
8441
8451
8456
8457
8458
8467
8476
8481
8488
8495
8505
8513
8519
8525
8532
8538
8538
8546
8556
8563
8568
8576
8582
8587
8594
8599
8603
8608
8613
8617
8617
8624
8633
8641
8647
8654
8659
8667
8670
8680
8681
8685
8692
8698
8706
8709
8719
8726
8735
8742
8743
8751
8760
8765
8766
8772
8774
8782
8791
8798
8800
8802
8810
8819
8819
8822
8829
8834
8841
8850
8860
8870
8875
8883
8892
8897
8907
8909
8909
8913
8916
8922
8930
8936
8945
8955
8960
8970
8972
8972
8979
8985
8988
8998
9006
9016
9022
9031
9039
9043
9046
9049
9053
9059
9066
9074
9081
9085
9088
9088
9090
9099
9106
9109
9118
9118
9119
9126
9128
9128
9129
9134
9138
9140
9149
9153
9159
9164
9171
9176
9185
9188
9196
9196
9197
9203
9203
9209
9210
9211
9214
9216
9223
9228
9228
9234
9243
9247
9249
9251
9251
9253
9260
9262
9267
9271
9277
9280
9282
9290
9292
9298
9307
9316
9326
9331
9335
9341
9348
9356
9366
9367
9374
9374
9379
9384
9386
9391
9392
9393
9393
9403
9409
9414
9417
9420
9430
9437
9437
9438
9440
9449
9458
9463
9471
9473
9478
9483
9486
9496
9497
9500
9508
9509
9510
9519
9528
9529
9533
9533
9540
9544
9545
9553
9561
9563
9563
9566
9566
9574
9581
9581
9581
9584
9591
9596
9603
9609
9615
9622
9629
9637
9641
9643
9653
9659
9662
9666
9672
9676
9680
9688
9693
9699
9704
9705
9710
9719
9728
9736
9741
9744
9751
9756
9758
9762
9762
9765
9772
9773
9773
9783
9791
9794
9801
9810
9816
9816
9823
9825
9826
9826
9835
9840
9845
9845
9846
9853
9861
9867
9876
9877
9877
9883
9886
9886
9893
9900
9904
9905
9909
9919
9924
9929
9929
9934
9941
9941
9945
9947
9953
9962
9971
9979
9981
9981
9981
9986
9993
10000
10004
10012
10014
10015
10016
10017
10026
10031
10041
10043
10053
10055
10058
10066
10076
10084
10092
10099
10105
10110
10113
10118
10121
10130
10134
10142
10148
10148
10150
10159
10160
10162
10170
10175
10175
10176
10182
10192
10197
10205
10213
10218
10220
10221
10221
10224
10234
10244
10251
10260
10270
10278
10280
10285
10289
10298
10300
10304
10311
10314
10317
10327
10331
10338
10340
10345
10348
10353
10356
10361
10366
10375
10379
10384
10387
10395
10397
10405
10408
10418
10422
10424
10426
10434
10435
10440
10440
10440
10443
10452
10460
10470
10471
10472
10480
10484
10493
10502
10505
10508
10508
10518
10521
10527
10535
10542
10542
10551
10561
10566
10572
10581
10586
10590
10597
10606
10609
10613
10614
10620
10628
10629
10637
10641
10642
10651
10660
10661
10671
10676
10678
10686
10693
10698
10699
10704
10707
10712
10717
10724
10728
10738
10744
10754
10764
10764
10770
10774
10775
10780
10781
10789
10797
10802
10811
10818
10822
10830
10834
10844
10851
10851
10853
10855
10857
10867
10869
10873
10874
10880
10888
10898
10908
10918
10918
10926
10929
10934
10943
10949
10958
10966
10976
10983
10988
10994
11003
11011
11016
11021
11030
11037
11041
11042
11043
11043
11045
11047
11055
11057
11058
11062
11062
11065
11075
11081
11091
11096
11101
11105
11107
11107
11112
11117
11123
11132
11136
11146
11150
11158
11162
11165
11175
11183
11187
11195
11202
11205
11211
11220
11225
11233
11236
11237
11239
11242
11244
11246
11254
11259
11268
11268
11275
11277
11284
11286
11296
11304
11311
11321
11322
11322
11328
11328
11328
11335
11344
11349
11350
11356
11359
11359
11364
11374
11378
11380
11387
11392
11395
11401
11407
11411
11419
11419
11429
11435
11439
11440
11447
11449
11455
11457
11459
11465
11474
11481
11486
11490
11493
11494
11500
11506
11512
11514
11518
11519
11525
11534
11537
11539
11547
11551
11561
11570
11573
11579
11583
11587
11597
11597
11605
11606
11608
11617
11619
11627
11637
11641
11645
11645
11646
11647
11657
11659
11668
11669
11676
11679
11685
11685
11691
11697
11698
11699
11708
11713
11715
11717
11719
11727
11731
11741
11745
11753
11760
11762
11763
11769
11769
11771
11780
11783
11789
11799
11802
11811
11815
11825
11826
11830
11832
11834
11839
11840
11843
11849
11859
11868
11878
11879
11886
11887
11888
11892
11897
11906
11907
11914
11919
11925
11931
11941
11947
11954
11964
11974
11975
11984
11987
11994
11994
11998
12001
12005
12006
12011
12019
12027
12027
12028
12037
12037
12038
12041
12046
12051
12060
12064
12069
12077
12079
12089
12089
12093
12096
12106
12112
12118
12120
12120
12130
12131
12136
12136
12138
12138
12145
12151
12160
12165
12171
12171
12180
12187
12191
12196
12199
12205
12214
12220
12229
12239
12249
12258
12268
12273
12276
12282
12282
12288
12288
12293
12296
12302
12303
12309
12310
12315
12319
12325
12326
12327
12327
12330
12338
12343
12346
12347
12353
12355
12355
12361
12363
12363
12363
12365
12375
12384
12391
12395
12401
12411
12413
12414
12424
12427
12435
12438
12445
12448
12455
12460
12462
12467
12473
12478
12487
12491
12497
12506
12514
12518
12518
12519
12520
12530
12531
12539
12546
12549
12555
12558
12559
12565
12571
12578
12585
12593
12601
12610
12611
12614
12624
12628
12632
12638
12641
12651
12652
12653
12660
12669
12678
12684
12688
12689
12689
12691
12692
12694
12703
12711
12712
12721
12724
12727
12735
12742
12743
12744
12749
12753
12759
12765
12765
12775
12781
12790
12791
12793
12796
12796
12803
12808
12816
12819
12826
12831
12839
12845
12852
12860
12863
12872
12880
12883
12890
12893
12897
12901
12911
12919
12929
12930
12930
12933
12933
12937
12941
12945
12955
12957
12961
12967
12968
12977
12981
12984
12986
12996
13003
13004
13012
13021
13030
13033
13043
13053
13053
13055
13058
13058
13061
13068
13077
13085
13089
13094
13095
13104
13111
13112
13122
13125
13135
13139
13140
13142
13147
13151
13156
13161
13164
13174
13183
13192
13193
13197
13203
13211
13213
13214
13220
13230
13234
13243
13246
13253
13263
13268
13277
13285
13286
13296
13298
13298
13308
13315
13318
13322
13322
13331
13340
13344
13354
13357
13358
13366
13375
13384
13390
13398
13402
13407
13411
13415
13417
13423
13430
13433
13437
13442
13448
13449
13453
13458
13468
13468
13477
13481
13482
13485
13493
13500
13502
13509
13513
13513
13519
13521
13527
13531
13537
13540
13550
13559
13561
13568
13569
13570
13572
13578
13586
13589
13598
13606
13606
13613
13616
13624
13630
13634
13634
13636
13638
13639
13639
13643
13645
13645
13655
13655
13658
13664
13672
13678
13680
13687
13687
13688
13696
13703
13708
13716
13725
13734
13742
13752
13757
13762
13764
13774
13784
13790
13799
13807
13811
13816
13819
13820
13822
13828
13836
13841
13841
13841
13850
13854
13860
13867
13868
13874
13879
13883
13888
13890
13899
13901
13910
13915
13918
13927
13927
13930
13936
13939
13941
13942
13944
13948
13955
13957
13959
13959
13960
13967
13973
13976
13982
13985
13988
13996
14003
14003
14013
14023
14029
14032
14032
14033
14042
14042
14050
14055
14063
14072
14078
14081
14090
14093
14094
14101
14104
14108
14116
14120
14120
14121
14122
14130
14140
14146
14152
14159
14160
14160
14163
14172
14178
14186
14187
14192
14195
14198
14205
14208
14214
14219
14221
14227
14232
14242
14252
14255
14256
14262
14272
14274
14280
14283
14293
14295
14296
14296
14296
14301
14310
14315
14320
14325
14335
14335
14342
14351
14356
14359
14366
14372
14376
14377
14386
14386
14392
14399
14404
14412
14414
14418
14428
14428
14437
14441
14441
14447
14456
14458
14464
14468
14476
14484
14492
14494
14496
14502
14507
14507
14508
14517
14523
14527
14537
14537
14539
14545
14547
14547
14554
14554
14557
14557
14562
14571
14576
14580
14582
14586
14594
14603
14610
14618
14619
14628
14638
14638
14641
14644
14650
14660
14666
14671
14677
14687
14695
14703
14705
14715
14719
14720
14725
14728
14730
14740
14745
14747
14751
14759
14764
14774
14784
14791
14799
14803
14805
14805
14813
14814
14815
14824
14825
14831
14834
14844
14846
14851
14858
14858
14861
14868
14878
14880
14880
14886
14886
14896
14903
14905
14905
14906
14913
14921
14927
14929
14939
14941
14947
14956
14957
14960
14965
14969
14978
14981
14991
15000
15009
15010
15015
15020
15030
15040
15049
15052
15052
15053
15060
15069
15070
15076
15083
15085
15088
15096
15100
15104
15111
15117
15121
15127
15135
15139
15147
15148
15156
15161
15161
15163
15163
15166
15173
15180
15187
15190
15192
15199
15204
15207
15216
15223
15226
15230
15232
15241
15248
15256
15256
15266
15269
15275
15279
15280
15285
15285
15294
15303
15307
15315
15319
15326
15336
15338
15341
15348
15358
15363
15373
15383
15388
15390
15394
15399
15408
15416
15422
15431
15436
15444
15454
15463
15470
15477
15479
15479
15489
15490
15494
15498
15505
15512
15522
15522
15525
15531
15535
15542
15550
15559
15561
15564
15567
15570
15574
15582
15592
15592
15597
15597
15604
15606
15611
15615
15616
15623
15623
15628
15638
15638
15645
15645
15653
15655
15663
15664
15669
15677
15678
15685
15690
15690
15695
15697
15700
15709
15717
15718
15726
15728
15729
15739
15743
15743
15750
15759
15764
15765
15773
15773
15782
15786
15794
15797
15806
15809
15815
15823
15826
15827
15836
15843
15846
15848
15858
15863
15867
15873
15875
15879
15888
15890
15900
15901
15902
15908
15916
15922
15923
15928
15934
15943
15952
15958
15963
15963
15967
15969
15976
15978
15982
15985
15995
16000
16005
16008
16008
16015
16023
16033
16042
16051
16052
16061
16065
16071
16071
16073
16080
16090
16097
16105
16110
16117
16119
16127
16135
16140
16147
16150
16159
16160
16170
16178
16178
16179
16182
16191
16200
16200
16203
16204
16210
16213
16220
16225
16233
16238
16244
16252
16253
16259
16262
16265
16273
16283
16283
16288
16290
16291
16299
16305
16309
16317
16327
16330
16340
16345
16351
16359
16360
16368
16369
16372
16378
16381
16388
16388
16388
16388
16390
16390
16391
16397
16405
16412
16421
16428
16432
16439
16448
16456
16463
16465
16473
16479
16483
16483
16487
16496
16506
16515
16518
16519
16527
16534
16543
16543
16546
16546
16551
16557
16562
16563
16573
16575
16575
16582
16586
16587
16590
16600
16601
16604
16604
16605
16614
16623
16632
16633
16633
16635
16637
16646
16650
16656
16661
16668
16678
16680
16690
16699
16706
16715
16724
16731
16733
16734
16743
16753
16763
16768
16769
16769
16771
16778
16784
16785
16789
16791
16796
16804
16808
16816
16822
16826
16827
16833
16839
16840
16850
16851
16857
16857
16865
16870
16875
16882
16883
16893
16897
16905
16906
16909
16911
16919
16927
16929
16938
16946
16952
16956
16963
16971
16979
16983
16987
16993
16993
16998
17004
17007
17009
17015
17017
17018
17027
17032
17041
17050
17058
17068
17073
17083
17089
17098
17108
17117
17125
17135
17142
17147
17149
17154
17157
17166
17175
17184
17189
17198
17202
17204
17209
17218
17220
17229
17229
17235
17244
17252
17258
17261
17263
17269
17273
17283
17291
17300
17304
17306
17312
17320
17326
17326
17333
17338
17346
17350
17357
17358
17361
17362
17370
17377
17378
17384
17389
17396
17404
17413
17423
17430
17440
17448
17457
17459
17466
17474
17484
17488
17490
17492
17495
17495
17497
17497
17497
17501
17510
17520
17530
17539
17539
17546
17546
17551
17557
17563
17572
17575
17581
17587
17593
17602
17603
17613
17620
17627
17629
17635
17637
17642
17645
17652
17662
17667
17667
17669
17678
17682
17687
17690
17690
17698
17701
17707
17715
17721
17725
17726
17726
17736
17746
17747
17754
17755
17761
17768
17773
17774
17779
17789
17794
17799
17802
17812
17820
17823
17833
17833
17833
17839
17839
17840
17849
17859
17863
17872
17882
17887
17893
17894
17898
17906
17909
17916
17916
17918
17928
17930
17932
17936
17945
17946
17953
17954
17958
17959
17967
17967
17973
17974
17983
17991
18000
18004
18011
18020
18024
18025
18030
18031
18033
18042
18049
18052
18062
18067
18069
18070
18080
18090
18099
18106
18113
18121
18124
18132
18136
18143
18144
18147
18149
18149
18153
18153
18163
18163
18166
18169
18176
18180
18189
18194
18196
18198
18203
18207
18217
18227
18233
18241
18248
18248
18251
18253
18256
18265
18273
18278
18285
18287
18291
18300
18302
18310
18317
18326
18326
18334
18334
18344
18349
18355
18357
18366
18369
18373
18378
18385
18390
18400
18408
18413
18419
18428
18436
18441
18448
18448
18456
18464
18472
18474
18474
18479
18487
18487
18487
18492
18497
18504
18511
18511
18511
18515
18515
18518
18522
18525
18531
18536
18546
18550
18558
18565
18569
18577
18583
18590
18597
18600
18601
18607
18617
18625
18629
18639
18648
18650
18656
18663
18672
18672
18682
18690
18696
18698
18705
18715
18719
18720
18720
18725
18726
18735
18740
18747
18747
18753
18761
18767
18773
18776
18783
18783
18793
18799
18801
18809
18812
18820
18826
18828
18829
18831
18840
18845
18851
18856
18859
18859
18869
18879
18882
18882
18892
18897
18907
18916
18916
18924
18924
18928
18938
18942
18945
18951
18951
18952
18958
18961
18965
18968
18972
18982
18984
18990
18997
19006
19010
19015
19025
19034
19035
19037
19046
19050
19054
19054
19057
19064
19069
19075
19085
19089
19092
19094
19099
19103
19104
19106
19106
19106
19109
19116
19121
19126
19130
19134
19134
19140
19144
19144
19153
19153
19156
19160
19160
19170
19176
19184
19187
19191
19195
19198
19199
19205
19206
19208
19210
19211
19211
19213
19213
19223
19228
19228
19228
19231
19234
19242
19246
19251
19257
19265
19267
19269
19274
19282
19292
19298
19299
19307
19314
19319
19327
19336
19345
19354
19363
19363
19370
19371
19376
19379
19385
19394
19394
19403
19407
19415
19419
19421
19424
19432
19441
19449
19459
19467
19468
19470
19478
19485
19485
19486
19488
19492
19498
19503
19511
19521
19522
19522
19532
19538
19538
19545
19549
19559
19568
19570
19570
19576
19583
19591
19599
19603
19604
19613
19618
19623
19625
19626
19627
19630
19634
19635
19636
19639
19646
19648
19657
19664
19673
19675
19680
19689
19698
19707
19712
19721
19727
19736
19738
19739
19744
19752
19759
19769
19769
19774
19779
19786
19796
19806
19808
19811
19814
19815
19822
19829
19838
19844
19849
19851
19854
19854
19864
19867
19870
19879
19886
19889
19899
19907
19908
19913
19915
19915
19919
19923
19926
19929
19933
19943
19944
19946
19956
19956
19962
19972
19978
19982
19987
19992
19995
19997
20005
20007
20008
20015
20017
20023
20025
20032
20036
20036
20041
20049
20052
20055
20063
20066
20066
20074
20081
20081
20089
20094
20104
20108
20115
20120
20127
20133
20138
20145
20148
20151
20153
20157
20165
20165
20168
20171
20176
20181
20191
20194
20197
20199
20202
20207
20208
20210
20219
20220
20229
20239
20240
20242
20246
20255
20263
20266
20275
20280
20281
20285
20289
20298
20301
20302
20309
20310
20317
20325
20332
20336
20341
20341
20345
20351
20360
20366
20367
20371
20375
20376
20382
20392
20394
20400
20410
20420
20423
20430
20436
20445
20447
20447
20449
20451
20455
20456
20465
20474
20477
20480
20486
20494
20501
20502
20503
20503
20507
20513
20522
20525
20534
20536
20546
20548
20554
20560
20569
20575
20575
20575
20577
20580
20580
20587
20595
20598
20608
20608
20610
20618
20620
20623
20633
20637
20646
20649
20651
20651
20658
20666
20671
20680
20686
20686
20695
20698
20701
20711
20712
20714
20715
20719
20725
20728
20730
20730
20733
20737
20739
20744
20747
20750
20752
20759
20765
20769
20777
20779
20786
20792
20798
20799
20802
20808
20809
20819
20823
20833
20833
20833
20834
20837
20842
20848
20849
20851
20857
20858
20862
20865
20867
20877
20881
20887
20893
20896
20901
20911
20917
20917
20926
20929
20930
20938
20946
20956
20962
20970
20976
20980
20980
20985
20990
20995
20996
21005
21008
21014
21023
21033
21043
21048
21054
21059
21066
21066
21072
21072
21074
21081
21090
21090
21100
21102
21102
21102
21102
21110
21113
21120
21120
21126
21129
21137
21137
21143
21150
21150
21159
21165
21166
21173
21183
21193
21196
21206
21213
21215
21218
21224
21232
21233
21237
21245
21252
21257
21257
21263
21268
21269
21270
21278
21288
21289
21289
21290
21295
21302
21302
21310
21315
21315
21323
21329
21339
21343
21350
21358
21366
21374
21375
21381
21388
21390
21394
21395
21405
21405
21405
21410
21419
21421
21421
21427
21435
21442
21444
21450
21453
21453
21458
21467
21475
21479
21488
21495
21503
21505
21511
21512
21514
21515
21518
21525
21529
21538
21546
21554
21556
21557
21567
21569
21569
21574
21574
21576
21577
21585
21586
21586
21592
21598
21607
21608
21618
21625
21633
21637
21642
21650
21660
21664
21670
21674
21678
21687
21697
21698
21700
21709
21715
21718
21728
21736
21741
21743
21747
21748
21750
21760
21762
21763
21768
21778
21786
21787
21792
21793
21803
21808
21812
21818
21827
21835
21837
21837
21839
21846
21853
21853
21854
21856
21860
21861
21863
21863
21869
21878
21880
21880
21882
21884
21891
21898
21901
21910
21916
21916
21917
21920
21924
21930
21938
21948
21948
21957
21965
21969
21969
21970
21978
21980
21980
21980
21990
21999
22006
22010
22019
22019
22027
22028
22034
22039
22039
22046
22053
22053
22059
22069
22075
22081
22083
22089
22093
22101
22102
22110
22115
22116
22116
22119
22120
22125
22134
22143
22153
22158
22165
22174
22175
22180
22185
22195
22199
22207
22210
22211
22215
22224
22229
22231
22238
22245
22254
22256
22263
22272
22277
22280
22280
22290
22290
22292
22294
22295
22299
22309
22313
22314
22318
22326
22332
22338
22341
22349
22356
22359
22362
22371
22375
22385
22393
22393
22399
22402
22410
22415
22415
22425
22435
22443
22451
22457
22463
22472
22475
22483
22491
22494
22498
22500
22508
22511
22515
22524
22530
22535
22539
22548
22552
22556
22561
22571
22581
22586
22587
22594
22594
22595
22595
22603
22604
22605
22611
22621
22623
22625
22628
22632
22636
22643
22643
22653
22663
22667
22672
22675
22678
22685
22692
22698
22702
22705
22709
22718
22728
22734
22737
22741
22747
22753
22757
22762
22764
22771
22775
22782
22785
22791
22800
22801
22809
22813
22814
22823
22823
22832
22836
22838
22839
22848
22858
22863
22867
22868
22872
22881
22887
22890
22900
22902
22903
22906
22906
22910
22914
22919
22921
22923
22927
22931
22941
22946
22946
22954
22954
22963
22973
22974
22976
22979
22983
22989
22993
22998
23000
23008
23015
23024
23025
23034
23044
23046
23050
23053
23061
23062
23065
23074
23078
23085
23094
23103
23112
23121
23123
23130
23136
23140
23146
23147
23154
23164
23167
23171
23178
23179
23181
23190
23191
23197
23197
23200
23203
23204
23204
23213
23219
23220
23230
23240
23245
23253
23261
23268
23277
23280
23283
23287
23296
23304
23311
23315
23315
23321
23331
23341
23351
23353
23354
23362
23364
23364
23366
23374
23378
23383
23393
23398
23398
23400
23401
23410
23418
23423
23429
23438
23448
23452
23461
23470
23473
23482
23487
23488
23488
23497
23505
23513
23518
23525
23531
23533
23542
23549
23553
23558
23567
23571
23578
23578
23586
23586
23594
23595
23596
23598
23603
23611
23616
23620
23625
23632
23637
23645
23646
23654
23663
23667
23668
23675
23681
23686
23687
23688
23694
23703
23710
23717
23722
23727
23734
23744
23752
23752
23762
23765
23773
23777
23781
23786
23793
23797
23805
23812
23820
23829
23838
23842
23843
23844
23850
23858
23867
23867
23872
23878
23880
23885
23885
23885
23890
23899
23904
23910
23910
23917
23917
23919
23920
23927
23927
23932
23940
23947
23954
23960
23969
23976
23979
23989
23999
24007
24013
24022
24031
24038
24043
24052
24062
24072
24076
24078
24079
24084
24088
24095
24097
24107
24112
24114
24122
24126
24133
24139
24149
24156
24164
24173
24178
24187
24197
24207
24215
24221
24230
24237
24238
24240
24245
24254
24263
24271
24276
24284
24289
24298
24301
24311
24317
24320
24325
24332
24334
24343
24349
24354
24358
24360
24360
24360
24367
24371
24377
24382
24388
24395
24400
24405
24405
24408
24408
24418
24423
24424
24426
24436
24446
24446
24446
24456
24458
24458
24461
24463
24464
24473
24479
24489
24499
24508
24515
24516
24521
24526
24527
24536
24541
24549
24557
24567
24572
24581
24584
24592
24596
24601
24610
24613
24614
24624
24626
24634
24641
24643
24649
24652
24662
24672
24672
24679
24688
24698
24704
24709
24717
24717
24718
24723
24730
24738
24742
24744
24754
24762
24768
24770
24777
24785
24795
24805
24812
24815
24820
24824
24834
24842
24851
24855
24857
24865
24867
24868
24877
24883
24890
24899
24908
24908
24916
24920
24930
24930
24932
24932
24941
24946
24954
24956
24963
24973
24978
24982
24989
24989
24999
24999
25002
25012
25012
25015
25022
25023
25025
25033
25041
25049
25053
25058
25067
25072
25076
25077
25078
25079
25080
25088
25089
25090
25099
25108
25108
25112
25119
25121
25130
25137
25142
25146
25156
25164
25170
25179
25181
25190
25196
25197
25205
25206
25207
25211
25214
25222
25223
25231
25234
25240
25247
25255
25263
25273
25282
25290
25298
25300
25306
25309
25313
25313
25315
25324
25325
25334
25337
25346
25350
25351
25360
25370
25374
25375
25381
25385
25385
25386
25391
25398
25404
25409
25416
25425
25428
25430
25439
25447
25447
25449
25456
25461
25467
25477
25478
25480
25490
25494
25502
25506
25506
25513
25521
25523
25533
25534
25535
25535
25538
25547
25555
25559
25568
25574
25576
25583
25593
25597
25602
25608
25612
25616
25622
25626
25632
25641
25643
25645
25650
25658
25663
25669
25670
25676
25678
25688
25696
25700
25709
25718
25727
25729
25730
25733
25740
25742
25750
25755
25758
25758
25767
25773
25782
25792
25796
25806
25814
25816
25816
25822
25826
25833
25838
25841
25843
25849
25851
25856
25859
25860
25862
25871
25879
25885
25894
25894
25898
25906
25910
25918
25918
25919
25922
25932
25941
25941
25944
25953
25956
25959
25963
25966
25967
25974
25984
25984
25993
26003
26007
26015
26018
26028
26038
26043
26053
26054
26056
26059
26066
26072
26074
26082
26083
26083
26084
26087
26088
26091
26099
26109
26117
26121
26130
26133
26141
26141
26145
26148
26155
26165
26172
26172
26181
26188
26192
26199
26199
26199
26206
26209
26216
26220
26223
26227
26230
26240
26243
26247
26253
26263
26266
26267
26267
26273
26274
26277
26280
26283
26287
26293
26298
26299
26308
26315
26321
26321
26327
26332
26341
26346
26356
26357
26361
26366
26371
26379
26389
26399
26403
26410
26412
26419
26427
26428
26434
26436
26436
26446
26455
26463
26469
26475
26477
26477
26485
26491
26501
26511
26517
26527
26532
26538
26541
26547
26555
26555
26561
26570
26572
26577
26579
26581
26582
26583
26584
26586
26594
26603
26607
26613
26619
26625
26628
26630
26634
26636
26637
26642
26652
26658
26661
26666
26673
26682
26683
26685
26695
26698
26708
26709
26717
26725
26734
26744
26744
26749
26755
26761
26761
26769
26772
26782
26784
26788
26790
26796
26805
26812
26821
26824
26824
26831
26836
26839
26844
26850
26860
26864
26865
26865
26871
26877
26884
26894
26897
26905
26913
26921
26926
26932
26937
26943
26950
26960
26963
26970
26979
26982
26985
26992
26997
27000
27000
27008
27017
27018
27025
27030
27037
27043
27049
27050
27051
27056
27059
27064
27074
27084
27092
27096
27102
27103
27109
27119
27127
27128
27136
27144
27147
27148
27156
27162
27165
27171
27172
27172
27175
27184
27194
27198
27202
27203
27207
27217
27218
27227
27234
27237
27244
27246
27250
27260
27261
27268
27275
27284
27292
27294
27296
27300
27309
27314
27314
27319
27327
27327
27330
27333
27341
27346
27354
27363
27367
27374
27381
27391
27399
27400
27410
27410
27418
27418
27419
27420
27428
27428
27432
27433
27439
27446
27450
27454
27456
27456
27464
27468
27475
27483
27485
27487
27487
27490
27497
27503
27509
27516
27521
27526
27526
27536
27539
27541
27549
27558
27564
27568
27577
27581
27588
27591
27596
27597
27603
27603
27605
27615
27616
27619
27625
27633
27642
27644
27644
27645
27654
27664
27672
27678
27683
27687
27690
27691
27693
27693
27703
27705
27705
27712
27712
27716
27724
27727
27737
27739
27749
27756
27762
27763
27764
27773
27780
27785
27794
27798
27802
27806
27809
27818
27826
27833
27833
27842
27847
27851
27861
27868
27873
27876
27882
27882
27882
27884
27887
27894
27897
27900
27902
27908
27913
27919
27923
27926
27927
27932
27934
27934
27939
27946
27955
27961
27970
27975
27979
27988
27989
27990
27990
27990
28000
28007
28007
28010
28017
28022
28024
28024
28025
28028
28038
28039
28045
28054
28059
28065
28069
28078
28086
28096
28103
28104
28113
28114
28114
28120
28129
28133
28142
28149
28150
28152
28158
28165
28167
28173
28182
28190
28197
28206
28212
28222
28223
28229
28230
28237
28243
28247
28247
28251
28257
28265
28265
28266
28268
28278
28287
28292
28296
28297
28300
28303
28307
28315
28323
28332
28333
28340
28350
28353
28360
28366
28368
28376
28377
28387
28390
28398
28406
28414
28424
28426
28426
28430
28436
28444
28445
28451
28461
28467
28470
28477
28484
28485
28486
28493
28499
28505
28508
28510
28517
28524
28527
28532
28536
28536
28546
28546
28552
28562
28570
28579
28585
28587
28596
28602
28605
28608
28612
28621
28626
28630
28639
28645
28651
28657
28657
28666
28667
28672
28676
28680
28680
28684
28688
28694
28694
28699
28700
28700
28707
28709
28710
28717
28718
28721
28726
28729
28734
28734
28743
28743
28744
28747
28757
28762
28764
28773
28783
28788
28797
28807
28810
28813
28822
28823
28824
28825
28828
28833
28840
28849
28851
28859
28867
28873
28880
28881
28881
28881
28890
28893
28899
28907
28915
28915
28922
28932
28935
28935
28937
28940
28945
28949
28956
28966
28970
28976
28981
28986
28986
28990
28990
28990
28996
29002
29010
29014
29022
29029
29037
29046
29053
29057
29065
29072
29073
29081
29087
29096
29105
29113
29120
29122
29129
29131
29132
29136
29136
29140
29142
29152
29153
29157
29166
29167
29170
29172
29177
29179
29186
29190
29193
29200
29201
29208
29215
29218
29225
29232
29235
29243
29249
29252
29258
29261
29271
29272
29275
29276
29276
29280
29289
29294
29301
29307
29315
29317
29320
29323
29327
29328
29331
29340
29343
29350
29350
29351
29355
29363
29370
29378
29385
29388
29395
29405
29414
29420
29422
29423
29424
29433
29436
29441
29450
29457
29460
29468
29471
29475
29478
29481
29483
29488
29491
29492
29498
29507
29510
29512
29519
29525
29533
29538
29544
29552
29561
29567
29575
29580
29583
29592
29598
29599
29604
29604
29609
29613
29623
29633
29642
29647
29655
29659
29668
29675
29681
29685
29686
29694
29704
29707
29707
29713
29723
29732
29733
29739
29745
29747
29749
29749
29750
29752
29761
29767
29772
29772
29772
29779
29781
29790
29800
29809
29816
29818
29823
29829
29831
29840
29841
29848
29857
29862
29866
29875
29882
29883
29888
29896
29902
29912
29918
29922
29928
29932
29942
29949
29959
29966
29976
29977
29987
29990
29993
30003
30013
30016
30025
30026
30034
30037
30037
30041
30043
30043
30046
30056
30059
30060
30066
30066
30067
30075
30075
30076
30079
30085
30095
30100
30107
30108
30118
30124
30134
30141
30145
30146
30154
30163
30164
30167
30173
30175
30179
30183
30185
30187
30195
30195
30198
30208
30208
30208
30210
30218
30225
30233
30240
30250
30254
30255
30259
30265
30268
30271
30272
30279
30287
30291
30292
30293
30301
30302
30310
30319
30321
30321
30325
30331
30341
30343
30349
30352
30360
30369
30371
30377
30387
30393
30395
30402
30408
30409
30415
30423
30431
30436
30437
30445
30453
30458
30468
30477
30482
30490
30495
30500
30508
30511
30519
30523
30528
30538
30546
30551
30554
30557
30564
30566
30573
30581
30581
30589
30595
30600
30608
30610
30614
30623
30626
30631
30641
30651
30653
30655
30665
30667
30668
30676
30683
30685
30687
30687
30694
30695
30701
30702
30709
30710
30710
30711
30719
30728
30728
30737
30742
30743
30753
30753
30756
30764
30772
30777
30779
30787
30793
30795
30800
30804
30810
30819
30824
30825
30835
30839
30848
30856
30863
30868
30872
30878
30880
30885
30891
30897
30900
30910
30911
30911
30914
30920
30927
30927
30928
30935
30940
30945
30946
30954
30962
30969
30972
30975
30975
30975
30981
30981
30990
30998
31001
31002
31011
31021
31026
31029
31036
31041
31049
31058
31058
31064
31071
31074
31076
31081
31085
31094
31103
31104
31114
31115
31123
31128
31131
31131
31131
31136
31136
31141
31145
31152
31161
31168
31168
31173
31175
31185
31192
31196
31201
31209
31218
31226
31232
31240
31249
31258
31268
31278
31284
31290
31293
31298
31301
31308
31312
31321
31325
31331
31336
31339
31347
31353
31360
31368
31378
31381
31388
31397
31398
31408
31414
31424
31433
31435
31440
31448
31455
31462
31470
31471
31475
31477
31485
31494
31501
31509
31511
31512
31512
31519
31522
31522
31522
31526
31530
31532
31542
31542
31547
31554
31556
31564
31565
31572
31577
31582
31592
31593
31594
31603
31603
31605
31608
31609
31614
31617
31625
31635
31641
31643
31649
31657
31665
31675
31682
31688
31692
31699
31704
31711
31711
31721
31721
31729
31737
31746
31748
31756
31759
31761
31771
31774
31782
31789
31791
31794
31795
31800
31800
31806
31816
31817
31827
31833
31835
31837
31838
31848
31850
31858
31867
31869
31876
31877
31884
31892
31893
31900
31904
31914
31921
31930
31940
31949
31954
31955
31955
31963
31966
31974
31979
31982
31983
31993
31998
32006
32016
32024
32026
32029
32037
32043
32052
32058
32058
32059
32060
32067
32076
32082
32092
32102
32104
32113
32118
32122
32131
32135
32142
32143
32153
32153
32163
32163
32163
32169
32169
32176
32181
32188
32189
32189
32194
32199
32209
32215
32225
32231
32233
32233
32243
32247
32251
32255
32265
32265
32266
32275
32284
32286
32286
32295
32301
32307
32310
32310
32320
32328
32337
32345
32350
32359
32368
32375
32385
32388
32396
32405
32410
32418
32422
32423
32431
32437
32437
32439
32449
32451
32452
32452
32456
32463
32465
32469
32478
32480
32482
32482
32490
32500
32507
32510
32514
32516
32516
32519
32519
32527
32533
32536
32543
32550
32560
32567
32575
32575
32580
32589
32592
32598
32600
32600
32610
32620
32626
32626
32628
32637
32639
32648
32649
32651
32656
32658
32660
32666
32667
32676
32678
32682
32688
32689
32699
32701
32709
32712
32715
32723
32729
32736
32737
32747
32751
32757
32757
32757
32761
32767
32775
32779
32783
32788
32796
32799
32807
32813
32822
32827
32835
32839
32849
32859
32868
32876
32877
32886
32893
32895
32903
32908
32910
32919
32921
32929
32930
32934
32941
32945
32955
32957
32967
32972
32977
32984
32991
32997
33003
33008
33014
33022
33026
33031
33034
33037
33038
33043
33044
33048
33058
33062
33064
33072
33081
33089
33089
33091
33096
33100
33101
33111
33115
33120
33130
33140
33148
33154
33159
33160
33164
33170
33174
33180
33180
33190
33196
33203
33207
33212
33213
33223
33229
33233
33234
33239
33244
33248
33248
33258
33258
33265
33274
33284
33289
33292
33295
33305
33306
33307
33314
33321
33323
33333
33334
33340
33349
33350
33358
33360
33360
33361
33364
33372
33373
33383
33388
33396
33402
33402
33404
33408
33416
33421
33426
33429
33439
33442
33444
33444
33447
33456
33464
33470
33479
33483
33489
33496
33505
33506
33510
33513
33517
33517
33527
33533
33539
33543
33553
33555
33556
33562
33563
33567
33567
33577
33584
33586
33592
33602
33608
33615
33619
33627
33629
33634
33639
33649
33655
33664
33667
33672
33672
33677
33683
33687
33690
33699
33706
33707
33709
33709
33710
33717
33727
33735
33742
33743
33750
33754
33760
33765
33771
33781
33786
33795
33795
33801
33805
33808
33812
33812
33814
33820
33821
33830
33831
33831
33840
33841
33848
33850
33854
33858
33864
33873
33883
33890
33894
33902
33909
33918
33922
33928
33932
33936
33937
33939
33943
33947
33948
33957
33965
33967
33975
33981
33984
33986
33993
34002
34012
34018
34019
34027
34028
34033
34040
34046
34049
34055
34061
34069
34076
34083
34091
34101
34109
34119
34127
34136
34141
34150
34157
34162
34162
34172
34174
34183
34192
34201
34203
34204
34204
34212
34222
34230
34230
34237
34242
34244
34252
34253
34258
34268
34272
34272
34275
34282
34284
34291
34296
34296
34305
34313
34320
34329
34335
34338
34338
34338
34346
34346
34353
34359
34361
34371
34377
34377
34377
34377
34385
34390
34395
34404
34409
34409
34409
34410
34414
34424
34427
34427
34428
34436
34446
34448
34457
34467
34471
34473
34473
34479
34481
34482
34483
34493
34496
34496
34501
34509
34509
34511
34519
34520
34530
34533
34533
34541
34543
34551
34558
34562
34563
34571
34577
34586
34591
34593
34593
34603
34604
34604
34611
34616
34617
34625
34627
34637
34639
34639
34646
34654
34664
34674
34681
34681
34683
34688
34688
34689
34691
34693
34695
34701
34702
34704
34714
34715
34717
34725
34735
34736
34742
34750
34759
34768
34772
34772
34777
34781
34788
34789
34791
34795
34803
34810
34820
34829
34831
34834
34844
34852
34856
34863
34867
34872
34874
34876
34881
34881
34890
34899
34902
34909
34909
34913
34921
34922
34930
34935
34936
34937
34945
34949
34957
34962
34968
34969
34972
34980
34989
34993
34999
35002
35008
35012
35015
35021
35025
35032
35035
35038
35038
35046
35056
35061
35061
35063
35066
35072
35079
35085
35086
35093
35095
35099
35103
35110
35116
35121
35128
35131
35141
35141
35150
35160
35161
35170
35180
35186
35190
35191
35192
35200
35206
35213
35219
35219
35226
35226
35236
35236
35241
35242
35244
35254
35260
35265
35270
35279
35283
35287
35293
35302
35303
35303
35311
35313
35321
35331
35332
35333
35334
35337
35347
35349
35357
35359
35365
35367
35370
35375
35379
35379
35385
35395
35400
35403
35411
35418
35423
35423
35423
35426
35436
35440
35448
35457
35457
35464
35466
35466
35472
35478
35480
35487
35488
35489
35498
35507
35507
35517
35521
35523
35523
35529
35539
35545
35546
35548
35551
35556
35565
35574
35581
35585
35588
35592
35600
35605
35607
35609
35612
35615
35624
35632
35639
35642
35642
35651
35657
35659
35662
35669
35671
35678
35680
35689
35699
35703
35706
35706
35716
35726
35728
35730
35731
35737
35741
35747
35754
35763
35770
35778
35783
35788
35788
35798
35803
35803
35809
35818
35828
35833
35836
35846
35854
35861
35864
35867
35868
35877
35884
35889
35890
35890
35893
35893
35903
35912
35912
35913
35920
35923
35933
35942
35950
35959
35960
35961
35963
35968
35974
35977
35977
35983
35984
35991
35992
35995
36003
36013
36020
36024
36025
36034
36038
36048
36052
36056
36056
36065
36075
36076
36081
36081
36087
36087
36094
36095
36103
36105
36106
36106
36115
36119
36123
36125
36126
36127
36128
36137
36141
36147
36157
36162
36172
36181
36184
36189
36197
36198
36203
36210
36213
36217
36227
36237
36247
36256
36256
36266
36266
36273
36282
36292
36296
36302
36308
36309
36319
36326
36329
36332
36332
36340
36342
36350
36355
36361
36365
36372
36377
36387
36395
36397
36405
36406
36415
36421
36430
36440
36448
36457
36464
36474
36484
36492
36496
36499
36508
36510
36514
36523
36531
36538
36548
36550
36555
36560
36568
36575
36583
36589
36596
36598
36599
36599
36599
36606
36615
36620
36623
36633
36634
36636
36640
36647
36650
36657
36663
36665
36671
36671
36681
36689
36694
36695
36697
36699
36699
36702
36702
36712
36719
36726
36730
36737
36739
36748
36756
36764
36770
36778
36786
36795
36803
36810
36813
36814
36823
36828
36834
36837
36843
36853
36862
36865
36869
36872
36880
36885
36887
36893
36899
36903
36903
36904
36904
36909
36915
36924
36926
36929
36929
36929
36932
36938
36939
36943
36949
36956
36960
36963
36969
36970
36974
36982
36982
36990
36995
36996
36996
36997
37002
37003
37010
37016
37016
37026
37026
37034
37034
37044
37045
37049
37049
37054
37055
37060
37069
37074
37078
37083
37092
37102
37105
37113
37116
37121
37127
37130
37135
37142
37145
37153
37163
37173
37182
37192
37201
37201
37206
37216
37216
37225
37232
37239
37249
37249
37249
37256
37259
37264
37264
37271
37280
37290
37292
37295
37300
37307
37314
37317
37323
37325
37325
37325
37332
37340
37342
37348
37354
37360
37369
37376
37380
37384
37389
37390
37390
37397
37397
37404
37409
37411
37414
37421
37431
37434
37436
37443
37447
37456
37466
37476
37481
37487
37490
37499
37503
37511
37515
37522
37532
37539
37549
37550
37558
37563
37573
37575
37580
37582
37587
37589
37590
37597
37607
37613
37615
37615
37617
37617
37624
37624
37626
37635
37635
37640
37642
37648
37653
37660
37669
37678
37679
37687
37696
37702
37707
37717
37726
37728
37728
37729
37736
37746
37751
37753
37754
37763
37771
37780
37785
37789
37795
37800
37809
37815
37824
37834
37835
37841
37844
37854
37858
37859
37868
37878
37888
37889
37893
37898
37907
37910
37912
37921
37926
37935
37937
37937
37945
37952
37953
37959
37965
37971
37975
37983
37990
37990
37998
38000
38010
38013
38017
38018
38019
38024
38031
38039
38040
38047
38057
38057
38066
38071
38073
38075
38077
38087
38093
38103
38113
38117
38123
38130
38134
38134
38142
38150
38153
38160
38169
38176
38184
38192
38201
38205
38215
38216
38224
38228
38229
38235
38236
38241
38246
38248
38249
38255
38265
38268
38274
38281
38288
38289
38292
38292
38293
38294
38304
38307
38307
38317
38325
38332
38335
38345
38348
38358
38358
38362
38370
38372
38375
38377
38377
38386
38388
38396
38397
38397
38406
38408
38408
38410
38411
38413
38413
38418
38428
38433
38443
38448
38455
38461
38471
38481
38489
38494
38498
38501
38510
38520
38527
38530
38537
38543
38549
38556
38557
38563
38573
38581
38588
38589
38599
38609
38609
38611
38613
38622
38631
38634
38634
38635
38640
38648
38652
38662
38669
38670
38678
38688
38694
38694
38702
38708
38714
38720
38720
38728
38737
38747
38757
38759
38769
38779
38785
38785
38794
38794
38794
38794
38800
38806
38811
38815
38817
38824
38826
38833
38834
38835
38840
38850
38855
38857
38860
38861
38863
38866
38870
38880
38884
38887
38895
38897
38904
38905
38906
38909
38911
38912
38916
38920
38928
38937
38946
38948
38952
38954
38958
38960
38969
38973
38974
38982
38982
38982
38992
39001
39007
39017
39018
39019
39026
39029
39029
39038
39048
39058
39064
39064
39068
39078
39078
39078
39087
39096
39102
39111
39114
39114
39121
39126
39134
39140
39148
39149
39150
39150
39151
39160
39166
39168
39175
39180
39185
39189
39196
39204
39212
39215
39219
39219
39224
39227
39237
39241
39244
39245
39254
39254
39262
39265
39266
39275
39282
39290
39290
39298
39301
39301
39305
39306
39313
39319
39324
39326
39329
39331
39333
39334
39336
39338
39346
39349
39350
39358
39365
39367
39372
39374
39376
39384
39389
39389
39391
39393
39393
39393
39399
39409
39409
39413
39421
39421
39430
39431
39431
39441
39451
39456
39460
39463
39473
39482
39488
39490
39496
39506
39507
39511
39513
39521
39525
39531
39539
39543
39552
39552
39562
39566
39569
39579
39579
39587
39597
39606
39612
39618
39627
39630
39638
39641
39647
39649
39657
39661
39664
39671
39679
39682
39692
39693
39698
39699
39702
39703
39706
39706
39712
39715
39716
39720
39728
39737
39743
39752
39754
39758
39768
39769
39769
39771
39778
39788
39794
39795
39804
39810
39820
39826
39828
39831
39838
39847
39847
39850
39860
39866
39871
39878
39884
39892
39896
39896
39906
39913
39916
39919
39927
39935
39943
39952
39952
39957
39964
39968
39974
39975
39981
39988
39993
40001
40004
40006
40011
40015
40019
40024
40025
40033
40040
40043
40051
40055
40061
40067
40069
40074
40077
40086
40092
40101
40106
40116
40116
40125
40129
40129
40131
40133
40134
40141
40150
40154
40156
40165
40171
40176
40177
40185
40192
40200
40205
40205
40209
40213
40218
40223
40232
40235
40245
40255
40261
40261
40264
40273
40282
40289
40296
40301
40303
40312
40318
40322
40326
40330
40333
40343
40351
40356
40363
40372
40374
40384
40393
40401
40411
40415
40423
40433
40439
40446
40449
40449
40454
40456
40459
40464
40468
40473
40483
40488
40488
40491
40491
40498
40498
40507
40509
40510
40517
40519
40524
40524
40528
40529
40538
40542
40546
40546
40553
40560
40567
40573
40577
40582
40587
40588
40597
40603
40613
40621
40630
40632
40638
40641
40649
40656
40662
40665
40669
40678
40680
40687
40695
40701
40708
40713
40721
40723
40723
40728
40728
40731
40739
40743
40744
40751
40751
40753
40754
40764
40774
40781
40790
40794
40798
40803
40803
40803
40810
40817
40817
40818
40821
40831
40837
40846
40846
40852
40855
40857
40857
40863
40873
40875
40875
40880
40884
40893
40893
40903
40903
40906
40910
40914
40919
40927
40929
40937
40946
40956
40957
40966
40971
40979
40983
40990
41000
41002
41004
41010
41011
41014
41024
41024
41033
41040
41048
41050
41053
41063
41068
41077
41080
41081
41083
41085
41085
41085
41087
41094
41094
41103
41106
41110
41112
41116
41122
41124
41130
41138
41148
41158
41166
41172
41178
41178
41180
41190
41195
41203
41212
41221
41224
41229
41230
41230
41238
41245
41255
41259
41259
41264
41270
41275
41282
41285
41294
41296
41301
41309
41319
41320
41326
41333
41334
41337
41344
41349
41355
41365
41368
41374
41381
41382
41391
41394
41402
41410
41417
41421
41423
41431
41441
41451
41453
41460
41468
41474
41480
41483
41489
41491
41498
41502
41503
41510
41513
41517
41523
41527
41533
41538
41547
41557
41561
41571
41580
41582
41585
41585
41590
41590
41598
41606
41616
41618
41621
41623
41631
41631
41633
41638
41639
41642
41651
41658
41667
41676
41680
41690
41698
41706
41708
41708
41709
41718
41727
41735
41736
41740
41741
41749
41759
41759
41764
41773
41780
41786
41786
41789
41790
41794
41801
41811
41815
41817
41824
41827
41837
41847
41851
41857
41862
41872
41879
41879
41880
41886
41891
41899
41899
41907
41913
41922
41928
41928
41936
41944
41950
41952
41959
41964
41973
41983
41992
41996
41997
42000
42007
42013
42023
42029
42031
42040
42044
42047
42050
42056
42056
42057
42058
42058
42060
42067
42069
42077
42082
42091
42096
42103
42105
42113
42114
42117
42127
42134
42143
42144
42148
42151
42161
42170
42179
42184
42194
42202
42207
42214
42219
42226
42231
42241
42245
42246
42254
42264
42271
42280
42282
42286
42289
42296
42296
42297
42300
42309
42311
42318
42320
42326
42326
42330
42333
42339
42349
42350
42353
42363
42364
42369
42369
42376
42377
42381
42390
42398
42406
42414
42423
42433
42436
42441
42450
42451
42455
42462
42466
42468
42474
42474
42483
42483
42491
42491
42498
42504
42510
42516
42522
42530
42536
42543
42550
42558
42562
42571
42571
42572
42579
42579
42580
42588
42590
42599
42603
42604
42605
42614
42620
42623
42624
42629
42635
42641
42643
42651
42661
42661
42669
42677
42685
42692
42697
42698
42708
42711
42716
42719
42727
42735
42744
42750
42756
42758
42765
42770
42776
42778
42784
42790
42800
42808
42814
42815
42820
42822
42825
42829
42830
42837
42841
42851
42860
42864
42874
42880
42883
42887
42897
42905
42908
42914
42922
42925
42929
42936
42946
42950
42959
42960
42964
42972
42977
42985
42992
42994
42999
43007
43013
43021
43026
43030
43031
43033
43038
43046
43047
43050
43052
43056
43066
43074
43082
43091
43100
43104
43111
43115
43119
43124
43134
43140
43145
43145
43150
43157
43159
43167
43172
43180
43184
43193
43194
43204
43210
43219
43222
43222
43230
43237
43245
43251
43261
43270
43273
43281
43288
43293
43302
43307
43310
43311
43313
43322
43326
43335
43336
43343
43344
43351
43351
43357
43358
43359
43365
43368
43368
43378
43378
43378
43384
43386
43392
43395
43402
43410
43416
43419
43424
43430
43433
43443
43449
43450
43455
43460
43468
43470
43475
43475
43481
43490
43500
43502
43508
43509
43512
43513
43515
43524
43531
43532
43542
43548
43553
43554
43562
43565
43568
43572
43582
43584
43592
43592
43598
43608
43610
43620
43630
43631
43636
43646
43647
43649
43659
43659
43666
43669
43677
43687
43694
43694
43699
43701
43708
43716
43722
43722
43730
43732
43737
43747
43757
43757
43758
43759
43766
43768
43770
43775
43781
43788
43797
43803
43807
43811
43811
43821
43828
43837
43843
43849
43858
43859
43865
43871
43874
43880
43886
43890
43898
43908
43911
43919
43929
43931
43937
43947
43948
43949
43957
43958
43960
43968
43969
43976
43980
43980
43985
43985
43993
44000
44007
44010
44010
44018
44021
44023
44024
44025
44032
44038
44039
44039
44039
44047
44057
44060
44061
44063
44070
44077
44085
44087
44095
44103
44108
44114
44124
44125
44135
44145
44153
44157
44159
44161
44164
44174
44176
44178
44181
44185
44189
44193
44195
44204
44210
44214
44223
44228
44236
44242
44247
44252
44252
44255
44258
44268
44268
44268
44271
44277
44286
44287
44293
44302
44306
44315
44322
44331
44339
44346
44350
44353
44362
44365
44367
44377
44378
44384
44392
44398
44403
44407
44408
44410
44413
44420
44420
44426
44436
44441
44450
44453
44455
44458
44464
44467
44474
44482
44491
44492
44500
44502
44509
44512
44517
44518
44522
44529
44530
44532
44535
44544
44547
44556
44558
44561
44561
44571
44574
44575
44582
44582
44591
44601
44601
44604
44610
44613
44614
44619
44626
44627
44628
44631
44641
44651
44651
44658
44663
44663
44671
44673
44675
44678
44684
44686
44692
44696
44699
44705
44713
44713
44717
44723
44726
44736
44742
44748
44752
44755
44757
44760
44768
44771
44771
44779
44782
44786
44791
44801
44807
44807
44808
44815
44817
44820
44826
44835
44835
44840
44842
44842
44846
44855
44856
44865
44872
44873
44873
44878
44884
44891
44895
44898
44906
44912
44921
44921
44926
44934
44938
44948
44956
44965
44970
44979
44979
44984
44988
44997
44999
45000
45001
45005
45008
45015
45023
45029
45039
45039
45046
45050
45055
45057
45061
45069
45074
45077
45082
45092
45098
45105
45105
45110
45110
45119
45122
45124
45127
45131
45141
45146
45148
45148
45157
45164
45169
45169
45174
45182
45187
45189
45198
45206
45209
45214
45220
45227
45231
45232
45238
45246
45253
45262
45269
45269
45278
45278
45279
45287
45296
45296
45299
45309
45309
45314
45323
45328
45333
45341
45344
45350
45357
45362
45368
45377
45387
45390
45395
45400
45405
45412
45414
45418
45427
45428
45428
45435
45442
45452
45452
45453
45462
45463
45468
45475
45479
45489
45489
45497
45505
45513
45515
45516
45522
45531
45535
45538
45542
45551
45551
45556
45563
45565
45569
45577
45577
45586
45594
45604
45610
45617
45621
45631
45635
45641
45650
45657
45665
45673
45677
45681
45683
45688
45696
45703
45703
45713
45718
45728
45735
45737
45745
45754
45761
45765
45773
45781
45782
45782
45787
45787
45791
45795
45802
45807
45813
45814
45814
45814
45823
45833
45840
45850
45852
45855
45862
45870
45877
45883
45889
45891
45901
45907
45910
45917
45920
45922
45925
45932
45940
45950
45958
45962
45964
45966
45973
45983
45992
45995
45995
46003
46012
46015
46019
46020
46023
46026
46034
46042
46042
46046
46052
46055
46065
46073
46078
46082
46089
46090
46099
46100
46110
46119
46127
46128
46131
46141
46142
46146
46149
46158
46168
46168
46168
46173
46183
46192
46196
46203
46208
46208
46213
46220
46227
46230
46233
46241
46242
46245
46245
46248
46253
46259
46261
46262
46263
46264
46270
46279
46280
46284
46289
46293
46303
46311
46321
46330
46338
46338
46341
46341
46344
46352
46352
46353
46355
46360
46368
46372
46374
46379
46387
46391
46392
46392
46401
46411
46413
46419
46419
46429
46437
46443
46451
46451
46461
46466
46467
46475
46483
46484
46484
46484
46487
46495
46502
46503
46509
46510
46513
46514
46524
46528
46528
46535
46542
46552
46561
46565
46567
46570
46572
46582
46586
46593
46593
46598
46604
46613
46619
46628
46635
46640
46644
46652
46661
46664
46673
46678
46686
46692
46702
46705
46709
46713
46720
46727
46727
46736
46745
46748
46750
46754
46756
46765
46765
46769
46774
46782
46786
46788
46792
46792
46798
46802
46807
46814
46820
46824
46832
46833
46839
46848
46849
46855
46857
46863
46868
46876
46885
46894
46899
46906
46910
46914
46918
46920
46922
46932
46935
46936
46939
46941
46947
46948
46957
46965
46974
46974
46978
46981
46989
46997
47003
47008
47008
47011
47016
47025
47034
47041
47048
47057
47062
47072
47074
47079
47086
47089
47092
47100
47101
47111
47114
47121
47123
47133
47134
47135
47140
47143
47143
47148
47150
47154
47159
47169
47172
47175
47180
47182
47190
47196
47196
47198
47205
47210
47218
47221
47221
47228
47236
47236
47243
47246
47246
47249
47254
47261
47269
47270
47271
47278
47279
47286
47296
47305
47312
47321
47330
47339
47346
47347
47350
47351
47354
47360
47368
47373
47373
47377
47379
47379
47382
47390
47392
47392
47399
47399
47404
47411
47416
47416
47420
47423
47429
47437
47443
47445
47455
47464
47465
47470
47479
47483
47484
47490
47496
47503
47504
47510
47519
47526
47531
47533
47533
47538
47547
47549
47556
47560
47565
47572
47580
47583
47583
47591
47597
47600
47604
47608
47610
47616
47622
47629
47634
47642
47652
47657
47666
47676
47682
47687
47689
47696
47699
47705
47715
47719
47728
47737
47743
47750
47755
47760
47769
47779
47783
47791
47800
47809
47816
47816
47821
47824
47829
47832
47838
47846
47853
47859
47864
47865
47867
47867
47876
47883
47887
47894
47904
47904
47908
47914
47919
47927
47929
47935
47940
47946
47948
47956
47963
47966
47973
47975
47981
47983
47983
47988
47991
48001
48003
48004
48012
48022
48022
48026
48031
48037
48041
48050
48058
48067
48069
48074
48075
48076
48082
48084
48087
48088
48089
48095
48102
48111
48115
48123
48126
48132
48142
48151
48160
48170
48170
48177
48186
48186
48192
48199
48204
48206
48210
48217
48217
48225
48225
48232
48239
48243
48249
48250
48251
48259
48259
48264
48269
48271
48279
48280
48287
48288
48296
48306
48315
48322
48328
48337
48343
48347
48349
48349
48354
48360
48362
48371
48377
48379
48382
48392
48397
48401
48402
48403
48409
48418
48421
48426
48435
48437
48438
48438
48447
48447
48449
48451
48451
48453
48457
48461
48470
48474
48474
48481
48491
48498
48502
48510
48519
48528
48530
48536
48538
48541
48550
48552
48559
48564
48568
48573
48573
48578
48580
48590
48600
48608
48614
48622
48626
48633
48640
48640
48646
48648
48653
48657
48666
48671
48674
48684
48684
48685
48689
48689
48696
48705
48710
48717
48726
48727
48730
48730
48740
48749
48759
48764
48770
48773
48776
48776
48777
48786
48794
48796
48802
48806
48813
48816
48819
48825
48825
48835
48839
48843
48851
48853
48863
48866
48869
48869
48878
48885
48893
48894
48901
48903
48910
48919
48928
48930
48933
48937
48942
48943
48950
48954
48963
48967
48976
48983
48990
49000
49008
49008
49014
49018
49025
49034
49036
49039
49045
49051
49055
49055
49055
49058
49065
49073
49078
49082
49085
49090
49095
49104
49104
49114
49124
49131
49139
49139
49140
49144
49149
49152
49154
49156
49159
49165
49171
49180
49184
49185
49187
49193
49196
49198
49200
49200
49209
49215
49215
49224
49230
49234
49239
49239
49244
49246
49246
49252
49257
49261
49261
49264
49267
49272
49281
49283
49290
49297
49299
49309
49318
49322
49326
49336
49341
49350
49359
49362
49370
49377
49379
49387
49392
49398
49408
49415
49420
49426
49433
49434
49436
49438
49445
49452
49454
49464
49474
49478
49480
49484
49488
49498
49501
49503
49512
49512
49515
49523
49525
49528
49536
49541
49547
49552
49554
49561
49563
49569
49570
49580
49590
49591
49599
49605
49607
49613
49620
49622
49624
49631
49633
49642
49648
49650
49651
49660
49669
49675
49679
49687
49691
49696
49697
49707
49715
49716
49725
49725
49728
49733
49736
49742
49745
49750
49758
49766
49775
49780
49780
49781
49783
49789
49789
49790
49794
49799
49805
49810
49817
49825
49830
49836
49842
49843
49849
49858
49866
49867
49867
49875
49878
49888
49897
49903
49910
49913
49919
49920
49924
49928
49938
49944
49948
49955
49965
49972
49977
49978
49981
49985
49995
50003
50005
50014
50024
50033
50033
50042
50043
50046
50054
50060
50060
50068
50078
50086
50087
50095
50102
50102
50102
50112
50114
50116
50117
50122
50128
50129
50136
50145
50151
50154
50155
50157
50166
50173
50179
50184
50193
50198
50199
50208
50218
50226
50227
50229
50232
50239
50239
50241
50251
50256
50259
50266
50267
50270
50270
50275
50281
50283
