0
296
586
879
1171
1461
1755
2055
2352
2646
2939
3236
3535
3829
4122
4414
4704
4995
5287
5583
5881
6178
6476
6769
7063
7353
7643
7933
8225
8517
8812
9105
9404
9699
9994
10288
10586
10876
11174
11474
11772
12069
12368
12666
12957
13252
13547
13844
14138
14438
14735
15028
15327
15622
15920
16213
16512
16808
17099
17394
17690
17982
18274
18567
18861
19154
19450
19750
20043
20338
20629
20929
21221
21518
21815
22106
22401
22694
22994
23286
23579
23869
24168
24460
24756
25051
25347
25641
25933
26228
26520
26820
27111
27401
27701
27996
28295
28589
28885
29177
29470
29764
30054
30348
30645
30935
31231
31522
31821
32120
32410
32702
32998
33296
33589
33887
34186
34481
34773
35068
35365
35658
35957
36250
36540
36831
37128
37424
37721
38021
38317
38617
38916
39212
39507
39806
40102
40398
40688
40979
41272
41567
41861
42152
42449
42740
43035
43334
43633
43933
44225
44517
44811
45101
45391
45686
45985
46283
46575
46872
47169
47464
47759
48052
48345
48643
48937
49236
49535
49828
50119
50417
50709
51008
51302
51601
51898
52198
52495
52792
53085
53384
53674
53971
54262
54557
54857
55148
55446
55745
56045
56341
56632
56932
57224
57518
57815
58115
58407
58703
59001
59293
59590
59888
60183
60479
60778
61070
61366
61661
61959
62258
62555
62850
63149
63445
63740
64032
64326
64621
64918
65213
65503
65794
66090
66386
66676
66970
67269
67567
67862
68155
68445
68741
69041
69331
69626
69922
70220
70511
70802
71101
71394
71689
71987
72281
72576
72866
73162
73458
73757
74049
74349
74644
74941
75234
75526
75824
76123
76416
76715
77009
77299
77596
77892
78190
78484
78779
79069
79368
79663
79957
80250
80546
80846
81141
81435
81728
82026
82316
82607
82906
83202
83500
83798
84088
84378
84676
84973
85265
85556
85852
86145
86438
86728
87020
87317
87611
87903
88194
88493
88792
89086
89376
89674
89973
90265
90565
90860
91152
91446
91745
92035
92332
92630
92930
93220
93513
93809
94105
94404
94703
95000
95296
95592
95883
96179
96477
96775
97075
97371
97668
97963
98262
98559
98855
99149
99443
99740
100037
100336
100636
100927
101226
101526
101826
102125
102422
102720
103010
103300
103590
103887
104181
104472
104763
105058
105351
105651
105944
106235
106534
106833
107132
107429
107727
108027
108325
108621
108915
109211
109506
109796
110092
110384
110675
110971
111271
111564
111860
112152
112448
112741
113037
113337
113627
113919
114212
114508
114799
115095
115385
115683
115973
116273
116563
116858
117149
117443
117742
118042
118336
118632
118924
119223
119513
119807
120097
120388
120688
120985
121283
121576
121868
122164
122460
122760
123055
123353
123644
123935
124232
124530
124829
125127
125426
125717
126013
126313
126610
126904
127204
127501
127799
128095
128395
128692
128991
129283
129577
129869
130169
130462
130756
131048
131345
131641
131937
132231
132523
132818
133109
133407
133703
133993
134292
134585
134880
135180
135480
135779
136071
136368
136665
136958
137254
137547
137842
138132
138423
138720
139014
139306
139605
139902
140192
140488
140782
141081
141375
141667
141964
142255
142547
142837
143137
143434
143727
144026
144316
144607
144903
145195
145495
145791
146086
146379
146675
146966
147265
147559
147858
148151
148441
148736
149031
149330
149623
149918
150217
150514
150812
151107
151398
151695
151992
152284
152577
152875
153168
153465
153758
154053
154345
154641
154932
155226
155526
155816
156116
156413
156709
157008
157304
157599
157892
158186
158480
158777
159072
159363
159661
159958
160257
160550
160845
161143
161434
161734
162024
162320
162610
162909
163203
163494
163785
164075
164373
164670
164960
165258
165549
165840
166138
166437
166737
167033
167324
167617
167913
168207
168499
168789
169081
169373
169672
169967
170261
170551
170851
171144
171436
171733
172028
172326
172616
172909
173206
173503
173800
174090
174388
174681
174979
175270
175562
175859
176155
176446
176737
177032
177323
177623
177917
178207
178501
178795
179090
179380
179680
179974
180270
180560
180852
181142
181432
181731
182026
182323
182618
182916
183206
183505
183805
184096
184393
184687
184983
185280
185579
185871
186161
186456
186752
187049
187348
187648
187938
188234
188529
188829
189122
189416
189708
190003
190294
190587
190885
191183
191477
191774
192071
192362
192652
192946
193238
193535
193831
194127
194422
194713
195010
195308
195604
195894
196184
196478
196772
197069
197366
197662
197957
198257
198555
198845
199138
199435
199727
200020
200316
200606
200904
201195
201487
201777
202077
202377
202677
202971
203270
203568
203858
204150
204449
204740
205038
205333
205633
205924
206218
206515
206813
207110
207404
207694
207990
208290
208586
208883
209173
209472
209772
210067
210366
210658
210952
211250
211549
211841
212135
212432
212724
213015
213306
213602
213898
214194
214491
214781
215075
215365
215665
215955
216247
216537
216830
217123
217417
217710
218010
218309
218601
218893
219184
219484
219777
220068
220361
220651
220950
221247
221544
221838
222135
222425
222720
223020
223319
223619
223918
224214
224510
224802
225093
225391
225686
225986
226279
226574
226864
227155
227450
227741
228033
228329
228628
228920
229210
229500
229791
230081
230374
230671
230961
231252
231551
231851
232141
232436
232735
233027
233324
233617
233913
234203
234497
234788
235086
235378
235673
235963
236253
236545
236837
237133
237428
237728
238026
238319
238609
238901
239191
239491
239784
240078
240373
240671
240961
241252
241548
241838
242134
242432
242728
243028
243327
243623
243923
244220
244516
244816
245113
245411
245707
246002
246293
246587
246877
247169
247462
247757
248052
248350
248650
248950
249241
249532
249829
250128
250419
250718
251013
251305
251605
251901
252201
252498
252794
253091
253381
253672
253963
254255
254548
254843
255139
255433
255732
256022
256315
256614
256906
257199
257497
257787
258084
258380
258672
258969
259268
259563
259855
260149
260448
260747
261042
261341
261640
261935
262233
262532
262826
263116
263416
263706
264001
264295
264594
264890
265181
265472
265764
266057
266353
266644
266940
267238
267534
267827
268124
268418
268709
269002
269295
269587
269880
270176
270476
270776
271067
271359
271654
271947
272247
272542
272838
273136
273426
273722
274018
274313
274608
274900
275190
275487
275780
276071
276369
276661
276956
277256
277550
277846
278138
278430
278725
279018
279308
279608
279905
280205
280501
280795
281086
281378
281678
281975
282273
282567
282866
283165
283464
283756
284050
284341
284635
284931
285228
285524
285819
286114
286409
286701
286997
287290
287590
287884
288179
288470
288768
289065
289358
289651
289947
290237
290536
290832
291132
291422
291714
292010
292309
292605
292904
293204
293501
293793
294084
294379
294671
294964
295254
295548
295845
296135
296428
296723
297022
297322
297612
297905
298202
298492
298787
299081
299379
299672
299972
300263
300557
300847
301141
301434
301727
302023
302317
302609
302904
303202
303494
303789
304082
304378
304673
304967
305258
305550
305842
306133
306430
306721
307013
307312
307604
307897
308194
308485
308781
309074
309368
309665
309963
310256
310546
310836
311128
311425
311715
312010
312309
312609
312908
313205
313503
313797
314093
314393
314686
314980
315270
315569
315864
316159
316455
316752
317049
317341
317641
317940
318234
318526
318816
319116
319412
319706
319997
320290
320586
320883
321182
321482
321778
322071
322368
322659
322955
323254
323549
323845
324142
324434
324724
325024
325315
325612
325909
326202
326495
326793
327091
327381
327681
327974
328266
328560
328859
329153
329443
329739
330037
330337
330635
330934
331229
331526
331821
332114
332404
332704
332994
333286
333583
333883
334173
334465
334756
335056
335350
335648
335938
336228
336525
336820
337119
337414
337709
338000
338291
338586
338885
339175
339470
339769
340068
340362
340656
340951
341248
341543
341835
342127
342424
342724
343021
343313
343606
343900
344197
344487
344786
345083
345380
345676
345967
346257
346549
346839
347133
347430
347730
348026
348325
348615
348914
349210
349506
349804
350094
350386
350678
350968
351268
351561
351851
352144
352443
352741
353039
353335
353634
353927
354227
354523
354814
355104
355403
355696
355986
356286
356580
356871
357164
357462
357757
358053
358343
358643
358938
359238
359531
359822
360118
360418
360718
361013
361313
361610
361904
362196
362487
362783
363074
363373
363663
363961
364254
364549
364843
365133
365432
365731
366021
366313
366603
366894
367189
367480
367774
368064
368364
368654
368948
369238
369530
369830
370120
370416
370714
371005
371303
371593
371883
372181
372480
372776
373066
373360
373651
373945
374241
374532
374827
375127
375421
375711
376011
376305
376596
376892
377184
377479
377773
378071
378370
378665
378956
379248
379546
379840
380139
380435
380730
381022
381318
381614
381905
382204
382498
382798
383094
383391
383682
383975
384275
384568
384860
385160
385459
385753
386046
386337
386633
386929
387226
387518
387812
388110
388400
388694
388986
389285
389576
389872
390165
390464
390759
391053
391351
391646
391945
392239
392530
392829
393124
393418
393717
394007
394300
394592
394888
395187
395481
395777
396067
396364
396662
396955
397247
397543
397840
398138
398432
398732
399027
399320
399613
399907
400201
400499
400792
401084
401377
401673
401965
402264
402563
402861
403158
403453
403752
404052
404345
404641
404933
405223
405519
405814
406105
406396
406687
406986
407277
407577
407875
408167
408459
408750
409045
409342
409632
409929
410229
410522
410812
411108
411398
411691
411986
412279
412571
412867
413163
413462
413759
414051
414347
414642
414940
415234
415525
415825
416116
416409
416703
417002
417300
417597
417896
418186
418483
418783
419081
419374
419666
419965
420260
420550
420847
421141
421440
421738
422030
422329
422628
422918
423209
423501
423796
424096
424388
424685
424975
425271
425564
425857
426151
426448
426745
427044
427343
427643
427941
428232
428526
428822
429116
429414
429707
430006
430301
430594
430887
431177
431475
431765
432057
432347
432639
432936
433232
433525
433821
434119
434415
434710
435000
435293
435591
435891
436183
436482
436773
437068
437358
437649
437939
438239
438529
438823
439115
439410
439702
439998
440298
440591
440891
441184
441482
441775
442065
442356
442649
442943
443233
443523
443821
444120
444416
444707
444997
445287
445581
445879
446170
446463
446754
447048
447348
447638
447931
448225
448523
448813
449111
449404
449701
449994
450290
450586
450884
451176
451472
451772
452062
452361
452655
452955
453250
453548
453844
454143
454435
454734
455034
455334
455629
455921
456219
456513
456812
457103
457400
457692
457982
458277
458575
458870
459170
459463
459762
460057
460349
460646
460942
461232
461530
461824
462115
462405
462705
463005
463300
463599
463898
464193
464488
464787
465082
465382
465675
465971
466271
466570
466862
467156
467455
467751
468050
468342
468642
468932
469231
469523
469816
470114
470413
470712
471011
471308
471606
471901
472195
472492
472788
473082
473381
473680
473975
474269
474562
474862
475161
475458
475750
476050
476348
476640
476932
477226
477526
477825
478119
478416
478716
479010
479303
479596
479887
480181
480474
480766
481062
481359
481658
481952
482252
482551
482849
483149
483447
483738
484031
484328
484620
484915
485207
485505
485796
486087
486380
486671
486962
487256
487546
487845
488137
488433
488723
489013
489306
489606
489905
490202
490502
490796
491088
491379
491678
491971
492267
492560
492851
493150
493441
493734
494034
494324
494617
494913
495204
495495
495795
496091
496384
496681
496972
497267
497559
497859
498154
498453
498747
499044
499340
499631
499921
500216
500513
500805
501102
501402
501698
501993
502293
502583
502876
503174
503474
503771
504063
504360
504658
504953
505253
505553
505843
506136
506429
506726
507026
507323
507613
507912
508205
508500
508794
509084
509375
509672
509964
510260
510559
510850
511149
511439
511739
512036
512329
512628
512924
513217
513508
513798
514088
514388
514686
514976
515274
515566
515866
516159
516455
516754
517050
517343
517643
517935
518227
518524
518823
519118
519411
519706
520000
520291
520582
520878
521178
521478
521777
522074
522367
522665
522964
523262
523556
523852
524148
524448
524743
525033
525330
525620
525915
526211
526507
526805
527100
527393
527684
527979
528274
528571
528861
529155
529448
529747
530045
530335
530626
530917
531217
531511
531810
532110
532406
532702
532993
533285
533578
533872
534169
534464
534754
535052
535343
535643
535942
536233
536531
536828
537120
537419
537712
538008
538300
538590
538880
539178
539474
539764
540056
540351
540645
540935
541226
541519
541812
542106
542399
542699
542990
543290
543580
543880
544178
544469
544763
545058
545354
545649
545948
546238
546533
546833
547128
547422
547717
548011
548309
548606
548898
549192
549484
549780
550079
550371
550661
550953
551247
551545
551838
552138
552430
552725
553021
553317
553611
553906
554206
554503
554795
555086
555386
555686
555980
556280
556578
556871
557168
557465
557759
558051
558351
558647
558943
559233
559529
559820
560114
560409
560705
560997
561290
561580
561871
562169
562463
562762
563052
563342
563635
563929
564224
564520
564819
565109
565408
565703
565996
566295
566587
566881
567179
567479
567771
568063
568361
568657
568954
569248
569543
569841
570140
570434
570732
571022
571315
571615
571910
572208
572507
572803
573095
573386
573681
573978
574273
574564
574864
575156
575448
575742
576032
576328
576627
576927
577223
577515
577807
578103
578394
578693
578984
579275
579565
579865
580158
580451
580746
581036
581327
581627
581923
582216
582513
582804
583100
583396
583688
583987
584286
584581
584881
585174
585468
585766
586062
586353
586646
586942
587238
587538
587838
588134
588426
588725
589019
589309
589609
589900
590198
590497
590792
591087
591387
591686
591981
592273
592565
592861
593158
593451
593747
594042
594334
594629
594919
595212
595509
595805
596102
596399
596694
596986
597277
597571
597862
598161
598451
598746
599039
599335
599633
599926
600224
600517
600816
601107
601406
601700
601998
602290
602588
602878
603174
603470
603760
604056
604347
604645
604939
605230
605522
605821
606117
606415
606708
607008
607300
607596
607891
608187
608482
608772
609069
609369
609659
609955
610252
610550
610841
611132
611422
611715
612007
612298
612598
612890
613185
613478
613776
614073
614363
614659
614958
615251
615541
615837
616135
616430
616726
617019
617317
617616
617906
618202
618500
618794
619090
619390
619688
619978
620271
620562
620857
621156
621448
621743
622040
622334
622631
622931
623222
623517
623816
624110
624404
624696
624987
625278
625578
625869
626167
626467
626761
627055
627351
627642
627939
628239
628534
628829
629119
629409
629705
629999
630293
630593
630893
631189
631483
631774
632071
632362
632661
632961
633252
633545
633838
634133
634428
634720
635010
635300
635594
635893
636187
636479
636772
637066
637360
637657
637957
638253
638547
638838
639129
639420
639711
640003
640297
640592
640892
641185
641475
641765
642065
642364
642661
642955
643250
643542
643832
644131
644423
644723
645021
645320
645611
645906
646198
646497
646795
647085
647383
647675
647970
648266
648564
648863
649157
649456
649749
650044
650340
650630
650929
651220
651518
651811
652109
652405
652698
652996
653288
653587
653878
654168
654460
654752
655043
655342
655637
655931
656228
656526
656826
657119
657416
657712
658003
658300
658594
658887
659186
659480
659770
660060
660350
660642
660935
661234
661527
661825
662116
662412
662711
663005
663295
663588
663878
664173
664464
664759
665059
665356
665651
665945
666239
666533
666825
667123
667415
667713
668012
668309
668600
668893
669185
669479
669769
670063
670353
670650
670944
671244
671540
671840
672137
672433
672731
673023
673322
673617
673907
674202
674492
674790
675083
675373
675670
675969
676267
676557
676848
677139
677438
677729
678020
678313
678606
678900
679199
679497
679792
680091
680388
680679
680973
681263
681555
681845
682140
682437
682729
683021
683311
683601
683896
684196
684492
684788
685080
685376
685667
685965
686257
686547
686844
687144
687443
687742
688036
688331
688630
688920
689218
689511
689811
690102
690400
690693
690983
691277
691573
691868
692166
692458
692756
693052
693349
693643
693935
694230
694521
694819
695116
695412
695708
696004
696297
696593
696888
697184
697478
697769
698060
698351
698643
698942
699232
699524
699816
700110
700407
700707
701006
701296
701594
701888
702184
702481
702780
703079
703376
703668
703961
704259
704558
704858
705154
705448
705746
706046
706344
706635
706927
707223
707516
707815
708114
708407
708704
709003
709294
709594
709891
710182
710481
710772
711067
711362
711656
711951
712241
712534
712829
713127
713421
713717
714008
714300
714591
714887
715184
715476
715769
716065
716357
716649
716943
717239
717537
717830
718128
718424
718719
719018
719312
719611
719909
720199
720497
720795
721087
721378
721677
721974
722264
722564
722854
723146
723446
723737
724037
724333
724633
724933
725224
725517
725811
726109
726403
726702
727001
727298
727593
727890
728190
728481
728773
729067
729365
729660
729954
730251
730542
730839
731131
731422
731717
732013
732303
732602
732894
733185
733484
733774
734065
734362
734652
734951
735242
735541
735841
736139
736431
736725
737022
737322
737616
737914
738206
738497
738792
739091
739382
739680
739974
740273
740569
740866
741156
741447
741746
742042
742336
742630
742927
743225
743525
743817
744110
744404
744699
744994
745290
745584
745877
746176
746469
746762
747053
747343
747636
747931
748231
748529
748822
749116
749414
749711
750003
750295
750594
750884
751183
751483
751774
752074
752371
752667
752967
753265
753565
753859
754159
754454
754754
755053
755350
755642
755941
756238
756533
756829
757119
757416
757706
757999
758293
758590
758880
759173
759466
759758
760057
760350
760644
760941
761239
761537
761830
762127
762417
762712
763012
763304
763594
763893
764193
764493
764785
765078
765378
765674
765972
766265
766564
766857
767152
767445
767743
768038
768331
768630
768930
769226
769517
769812
770111
770405
770702
770995
771291
771581
771873
772171
772462
772761
773057
773349
773642
773932
774223
774523
774818
775118
775410
775706
776004
776294
776594
776884
777184
777476
777771
778064
778363
778653
778952
779242
779540
779836
780134
780432
780724
781021
781314
781614
781911
782207
782504
782798
783091
783388
783683
783980
784274
784573
784872
785163
785463
785756
786054
786347
786640
786939
787231
787524
787815
788106
788401
788699
788995
789285
789579
789871
790165
790462
790760
791054
791345
791635
791925
792216
792510
792806
793101
793391
793681
793978
794268
794568
794862
795155
795453
795749
796045
796340
796635
796930
797223
797517
797813
798111
798404
798700
798991
799286
799580
799879
800174
800471
800762
801060
801357
801650
801946
802241
802531
802824
803116
803413
803712
804003
804303
804600
804898
805196
805494
805786
806086
806383
806675
806965
807255
807548
807846
808142
808439
808737
809035
809325
809623
809923
810214
810506
810804
811104
811398
811694
811994
812292
812585
812880
813171
813463
813760
814052
814347
814644
814944
815244
815540
815834
816131
816428
816726
817022
817313
817609
817904
818203
818494
818791
819087
819380
819672
819970
820260
820555
820855
821154
821444
821737
822034
822330
822623
822913
823212
823508
823799
824098
824397
824693
824989
825281
825572
825872
826172
826469
826765
827061
827359
827649
827944
828235
828533
828831
829122
829417
829715
830009
830299
830597
830895
831195
831490
831787
832082
832374
832673
832967
833257
833551
833847
834141
834434
834726
835021
835320
835613
835908
836198
836488
836788
837083
837380
837680
837972
838272
838569
838862
839159
839452
839751
840046
840343
840640
840939
841233
841528
841825
842115
842410
842707
843004
843301
843596
843896
844191
844490
844781
845078
845377
845675
845966
846263
846553
846851
847141
847431
847723
848014
848304
848600
848896
849186
849481
849777
850069
850366
850664
850958
851256
851550
851850
852147
852438
852738
853034
853329
853619
853913
854209
854499
854794
855093
855392
855685
855984
856284
856583
856879
857171
857462
857752
858046
858346
858645
858936
859232
859522
859821
860119
860411
860706
860996
861291
861591
861890
862181
862481
862776
863070
863366
863657
863947
864237
864535
864831
865127
865422
865719
866019
866317
866614
866904
867195
867490
867786
868082
868381
868680
868973
869272
869570
869867
870157
870447
870740
871040
871340
871638
871931
872227
872527
872819
873113
873413
873707
874000
874290
874583
874875
875168
875462
875757
876055
876352
876645
876936
877236
877533
877833
878127
878419
878716
879014
879311
879606
879904
880200
880493
880789
881084
881382
881673
881967
882257
882554
882849
883144
883437
883736
884026
884322
884613
884905
885195
885486
885776
886075
886369
886669
886967
887261
887558
887853
888144
888440
888734
889028
889325
889622
889922
890216
890511
890803
891099
891392
891692
891985
892275
892575
892874
893168
893467
893759
894056
894353
894653
894946
895238
895528
895821
896113
896410
896708
897002
897294
897588
897882
898175
898471
898767
899057
899352
899652
899942
900241
900539
900832
901130
901430
901725
902024
902324
902624
902917
903208
903503
903796
904087
904379
904677
904977
905270
905563
905860
906152
906446
906739
907032
907331
907628
907921
908216
908508
908806
909105
909399
909697
909988
910279
910571
910861
911158
911454
911751
912044
912342
912638
912930
913228
913519
913819
914112
914410
914702
915000
915298
915589
915884
916175
916469
916762
917062
917353
917653
917946
918239
918530
918825
919125
919420
919711
920001
920301
920598
920895
921185
921475
921765
922058
922348
922644
922942
923232
923529
923825
924123
924420
924718
925009
925306
925605
925895
926194
926493
926788
927079
927372
927668
927964
928261
928553
928848
929141
929437
929732
930031
930329
930619
930915
931208
931507
931805
932103
932393
932691
932981
933271
933562
933855
934147
934439
934736
935034
935331
935625
935924
936220
936519
936819
937118
937414
937711
938005
938304
938599
938896
939196
939487
939777
940077
940377
940675
940965
941262
941552
941849
942148
942439
942732
943032
943327
943627
943926
944222
944522
944814
945108
945408
945708
945999
946294
946592
946884
947176
947467
947763
948056
948356
948650
948948
949243
949538
949836
950133
950430
950729
951029
951321
951617
951909
952199
952493
952785
953080
953375
953670
953963
954261
954561
954859
955153
955451
955745
956038
956336
956633
956927
957223
957520
957815
958114
958406
958698
958997
959296
959588
959887
960186
960478
960770
961070
961363
961658
961956
962256
962555
962849
963142
963438
963738
964036
964332
964627
964919
965215
965505
965805
966095
966391
966684
966981
967274
967567
967860
968155
968447
968738
969037
969334
969627
969920
970212
970503
970799
971094
971392
971691
971986
972281
972573
972867
973166
973466
973766
974063
974360
974652
974944
975240
975532
975826
976119
976409
976708
977004
977300
977594
977884
978177
978468
978761
979059
979350
979647
979940
980230
980523
980818
981116
981414
981712
982009
982308
982604
982901
983201
983498
983796
984092
984392
984690
984989
985287
985584
985880
986180
986477
986773
987071
987369
987662
987959
988254
988551
988849
989147
989442
989735
990032
990330
990628
990918
991212
991502
991795
992095
992392
992688
992981
993273
993563
993857
994152
994445
994742
995032
995328
995618
995915
996205
996496
996796
997087
997387
997681
997975
998271
998563
998856
999153
999446
999739
1000032
1000326
1000619
1000909
1001208
1001499
1001794
1002091
1002391
1002689
1002979
1003276
1003568
1003866
1004165
1004456
1004755
1005052
1005342
1005637
1005936
1006229
1006519
1006819
1007113
1007413
1007706
1008001
1008291
1008591
1008889
1009180
1009478
1009777
1010077
1010370
1010663
1010956
1011248
1011541
1011833
1012132
1012426
1012726
1013020
1013310
1013603
1013896
1014187
1014481
1014781
1015076
1015367
1015661
1015951
1016243
1016541
1016833
1017133
1017431
1017731
1018028
1018325
1018621
1018917
1019210
1019505
1019801
1020099
1020393
1020684
1020981
1021273
1021572
1021871
1022166
1022464
1022758
1023058
1023354
1023647
1023938
1024235
1024530
1024825
1025125
1025417
1025707
1026004
1026303
1026597
1026890
1027188
1027482
1027777
1028072
1028371
1028668
1028965
1029261
1029561
1029855
1030147
1030447
1030741
1031037
1031329
1031627
1031922
1032222
1032520
1032815
1033113
1033409
1033709
1034003
1034302
1034599
1034893
1035193
1035483
1035781
1036078
1036376
1036674
1036964
1037254
1037546
1037839
1038134
1038424
1038714
1039008
1039298
1039590
1039883
1040180
1040474
1040765
1041057
1041355
1041652
1041952
1042243
1042542
1042835
1043134
1043431
1043725
1044020
1044312
1044607
1044899
1045196
1045486
1045779
1046076
1046372
1046669
1046964
1047256
1047556
1047851
1048151
1048441
1048738
1049034
1049324
1049619
1049914
1050206
1050503
1050803
1051093
1051388
1051685
1051983
1052281
1052581
1052878
1053174
1053474
1053773
1054072
1054368
1054664
1054964
1055254
1055554
1055850
1056144
1056441
1056741
1057037
1057335
1057633
1057931
1058230
1058524
1058814
1059105
1059401
1059695
1059994
1060292
1060590
1060887
1061179
1061474
1061764
1062055
1062345
1062636
1062929
1063225
1063524
1063818
1064115
1064408
1064699
1064989
1065280
1065578
1065869
1066159
1066449
1066748
1067048
1067346
1067638
1067929
1068225
1068522
1068812
1069105
1069399
1069693
1069989
1070280
1070574
1070872
1071172
1071462
1071754
1072047
1072342
1072634
1072924
1073218
1073515
1073806
1074102
1074402
1074696
1074987
1075282
1075578
1075872
1076170
1076462
1076757
1077055
1077345
1077641
1077936
1078228
1078525
1078816
1079113
1079406
1079698
1079994
1080291
1080585
1080875
1081167
1081460
1081757
1082053
1082350
1082649
1082949
1083241
1083534
1083827
1084124
1084424
1084715
1085012
1085311
1085601
1085891
1086187
1086479
1086775
1087069
1087360
1087655
1087954
1088244
1088544
1088834
1089127
1089421
1089713
1090003
1090298
1090591
1090888
1091184
1091483
1091776
1092068
1092361
1092660
1092951
1093241
1093540
1093836
1094128
1094419
1094712
1095012
1095309
1095600
1095900
1096191
1096491
1096790
1097081
1097372
1097662
1097960
1098252
1098551
1098848
1099141
1099440
1099732
1100023
1100322
1100621
1100915
1101209
1101503
1101801
1102101
1102393
1102685
1102980
1103272
1103564
1103860
1104158
1104450
1104746
1105036
1105336
1105636
1105929
1106226
1106519
1106817
1107109
1107407
1107698
1107988
1108278
1108573
1108869
1109163
1109457
1109755
1110054
1110345
1110643
1110943
1111233
1111533
1111827
1112117
1112411
1112707
1113001
1113294
1113584
1113877
1114170
1114463
1114761
1115053
1115350
1115646
1115939
1116233
1116528
1116827
1117117
1117413
1117713
1118013
1118306
1118596
1118896
1119196
1119490
1119784
1120081
1120373
1120663
1120962
1121257
1121547
1121846
1122139
1122438
1122731
1123022
1123313
1123603
1123903
1124194
1124490
1124781
1125080
1125379
1125677
1125972
1126265
1126555
1126845
1127136
1127431
1127728
1128027
1128323
1128623
1128914
1129210
1129507
1129801
1130099
1130393
1130690
1130982
1131280
1131572
1131872
1132169
1132468
1132764
1133060
1133352
1133645
1133939
1134234
1134531
1134826
1135122
1135415
1135706
1135999
1136294
1136591
1136882
1137180
1137471
1137763
1138058
1138352
1138646
1138945
1139236
1139536
1139834
1140127
1140421
1140716
1141008
1141303
1141600
1141890
1142181
1142473
1142769
1143063
1143361
1143659
1143958
1144252
1144542
1144832
1145130
1145426
1145716
1146006
1146298
1146590
1146887
1147187
1147479
1147779
1148070
1148369
1148663
1148956
1149246
1149543
1149840
1150140
1150438
1150733
1151033
1151330
1151629
1151919
1152217
1152509
1152802
1153096
1153386
1153686
1153984
1154275
1154568
1154867
1155166
1155457
1155755
1156055
1156349
1156646
1156937
1157228
1157522
1157819
1158116
1158409
1158708
1159006
1159305
1159602
1159892
1160190
1160489
1160785
1161083
1161375
1161673
1161964
1162254
1162546
1162846
1163145
1163445
1163737
1164033
1164324
1164620
1164914
1165211
1165502
1165802
1166096
1166387
1166678
1166973
1167263
1167563
1167862
1168156
1168449
1168747
1169043
1169335
1169626
1169921
1170215
1170511
1170805
1171102
1171396
1171686
1171982
1172276
1172567
1172864
1173163
1173455
1173745
1174036
1174333
1174628
1174923
1175220
1175519
1175814
1176105
1176396
1176688
1176979
1177279
1177575
1177865
1178160
1178457
1178748
1179045
1179340
1179633
1179926
1180225
1180518
1180817
1181110
1181401
1181701
1181998
1182298
1182593
1182889
1183187
1183486
1183779
1184071
1184369
1184669
1184961
1185258
1185548
1185843
1186140
1186436
1186727
1187024
1187318
1187609
1187908
1188198
1188494
1188794
1189086
1189379
1189675
1189971
1190270
1190567
1190862
1191158
1191449
1191739
1192038
1192337
1192634
1192924
1193220
1193518
1193812
1194107
1194401
1194695
1194988
1195280
1195572
1195866
1196160
1196458
1196757
1197048
1197343
1197638
1197932
1198228
1198528
1198824
1199118
1199410
1199704
1200002
1200292
1200589
1200882
1201173
1201466
1201763
1202057
1202348
1202647
1202941
1203231
1203524
1203821
1204113
1204410
1204704
1204995
1205289
1205586
1205884
1206174
1206470
1206761
1207056
1207356
1207652
1207950
1208249
1208543
1208839
1209133
1209431
1209725
1210024
1210318
1210617
1210907
1211198
1211497
1211796
1212088
1212387
1212682
1212981
1213272
1213562
1213860
1214154
1214453
1214744
1215039
1215337
1215633
1215926
1216216
1216516
1216814
1217104
1217396
1217690
1217989
1218283
1218575
1218875
1219174
1219471
1219764
1220060
1220357
1220652
1220945
1221244
1221536
1221836
1222133
1222433
1222727
1223017
1223308
1223600
1223893
1224188
1224482
1224774
1225071
1225366
1225657
1225950
1226244
1226544
1226842
1227140
1227430
1227724
1228024
1228324
1228622
1228916
1229211
1229510
1229810
1230105
1230403
1230701
1230993
1231287
1231578
1231878
1232174
1232469
1232766
1233058
1233353
1233645
1233940
1234233
1234530
1234821
1235113
1235404
1235694
1235992
1236286
1236583
1236882
1237175
1237468
1237758
1238058
1238354
1238653
1238945
1239237
1239537
1239830
1240123
1240418
1240714
1241006
1241303
1241596
1241894
1242186
1242477
1242774
1243074
1243370
1243666
1243966
1244259
1244558
1244858
1245153
1245449
1245747
1246044
1246338
1246632
1246926
1247224
1247518
1247812
1248110
1248407
1248703
1248995
1249286
1249579
1249879
1250170
1250467
1250766
1251062
1251358
1251652
1251950
1252246
1252539
1252838
1253134
1253434
1253726
1254022
1254316
1254614
1254912
1255205
1255496
1255788
1256082
1256375
1256671
1256961
1257255
1257550
1257842
1258141
1258434
1258728
1259024
1259319
1259609
1259909
1260207
1260505
1260799
1261099
1261399
1261690
1261988
1262278
1262577
1262867
1263161
1263460
1263751
1264050
1264347
1264646
1264946
1265240
1265533
1265824
1266119
1266415
1266713
1267011
1267304
1267595
1267885
1268177
1268474
1268770
1269060
1269355
1269655
1269946
1270242
1270535
1270834
1271131
1271422
1271712
1272011
1272302
1272594
1272894
1273194
1273494
1273785
1274083
1274378
1274671
1274966
1275260
1275553
1275849
1276139
1276437
1276735
1277027
1277323
1277618
1277911
1278203
1278493
1278789
1279087
1279384
1279683
1279980
1280272
1280570
1280866
1281156
1281449
1281743
1282041
1282338
1282637
1282931
1283224
1283517
1283815
1284105
1284396
1284691
1284984
1285284
1285576
1285872
1286166
1286458
1286749
1287048
1287344
1287640
1287933
1288231
1288531
1288821
1289113
1289408
1289708
1289998
1290297
1290589
1290887
1291178
1291472
1291768
1292064
1292355
1292651
1292946
1293237
1293537
1293835
1294134
1294427
1294717
1295016
1295314
1295604
1295894
1296186
1296483
1296776
1297072
1297362
1297652
1297942
1298233
1298531
1298821
1299120
1299414
1299712
1300003
1300297
1300589
1300887
1301184
1301480
1301770
1302061
1302361
1302658
1302954
1303254
1303544
1303842
1304132
1304432
1304728
1305022
1305321
1305613
1305905
1306202
1306500
1306795
1307086
1307385
1307680
1307978
1308278
1308575
1308872
1309171
1309461
1309758
1310049
1310343
1310643
1310937
1311228
1311519
1311812
1312111
1312401
1312693
1312990
1313290
1313581
1313871
1314169
1314460
1314753
1315050
1315344
1315643
1315937
1316236
1316530
1316828
1317128
1317421
1317716
1318009
1318300
1318590
1318882
1319174
1319472
1319771
1320071
1320371
1320670
1320967
1321257
1321553
1321852
1322145
1322442
1322732
1323024
1323314
1323613
1323904
1324201
1324491
1324788
1325079
1325376
1325671
1325964
1326260
1326558
1326852
1327147
1327438
1327729
1328027
1328319
1328618
1328913
1329204
1329501
1329798
1330093
1330393
1330685
1330984
1331283
1331578
1331875
1332173
1332466
1332763
1333058
1333351
1333645
1333935
1334231
1334529
1334820
1335112
1335406
1335705
1335997
1336294
1336587
1336878
1337168
1337458
1337754
1338048
1338348
1338638
1338931
1339231
1339530
1339830
1340120
1340419
1340714
1341008
1341300
1341598
1341894
1342185
1342476
1342775
1343069
1343364
1343662
1343958
1344256
1344550
1344849
1345149
1345442
1345735
1346030
1346325
1346620
1346912
1347212
1347507
1347807
1348099
1348391
1348682
1348978
1349276
1349572
1349864
1350163
1350462
1350752
1351049
1351342
1351638
1351934
1352231
1352524
1352817
1353107
1353403
1353702
1353995
1354293
1354585
1354879
1355176
1355469
1355764
1356061
1356353
1356645
1356936
1357232
1357528
1357824
1358124
1358417
1358711
1359010
1359302
1359595
1359887
1360184
1360481
1360776
1361073
1361372
1361662
1361961
1362252
1362548
1362838
1363134
1363432
1363727
1364026
1364317
1364612
1364911
1365209
1365503
1365794
1366084
1366379
1366679
1366971
1367262
1367561
1367856
1368156
1368447
1368747
1369047
1369339
1369629
1369922
1370217
1370507
1370800
1371091
1371389
1371682
1371976
1372268
1372567
1372862
1373159
1373450
1373747
1374045
1374338
1374631
1374924
1375215
1375510
1375808
1376108
1376401
1376695
1376988
1377287
1377585
1377875
1378165
1378457
1378753
1379045
1379337
1379636
1379934
1380227
1380527
1380825
1381121
1381416
1381711
1382001
1382296
1382593
1382891
1383186
1383479
1383772
1384069
1384362
1384656
1384946
1385238
1385533
1385823
1386121
1386414
1386707
1387006
1387297
1387587
1387877
1388171
1388469
1388764
1389056
1389349
1389642
1389933
1390224
1390517
1390813
1391103
1391401
1391692
1391989
1392285
1392578
1392875
1393173
1393472
1393772
1394067
1394363
1394662
1394962
1395257
1395552
1395843
1396137
1396434
1396725
1397019
1397319
1397612
1397909
1398200
1398494
1398784
1399084
1399376
1399675
1399967
1400267
1400565
1400865
1401163
1401457
1401752
1402045
1402337
1402637
1402934
1403226
1403522
1403820
1404118
1404418
1404712
1405007
1405302
1405596
1405893
1406187
1406478
1406773
1407072
1407365
1407660
1407955
1408246
1408540
1408840
1409133
1409423
1409718
1410014
1410305
1410599
1410892
1411189
1411481
1411779
1412075
1412374
1412665
1412960
1413250
1413545
1413836
1414128
1414428
1414723
1415019
1415316
1415616
1415909
1416200
1416495
1416787
1417087
1417383
1417675
1417965
1418265
1418562
1418862
1419160
1419450
1419741
1420032
1420322
1420613
1420906
1421200
1421491
1421782
1422079
1422375
1422666
1422957
1423255
1423550
1423845
1424138
1424430
1424720
1425019
1425313
1425612
1425903
1426199
1426491
1426790
1427086
1427380
1427672
1427963
1428256
1428550
1428850
1429147
1429443
1429743
1430040
1430335
1430627
1430920
1431215
1431514
1431814
1432108
1432399
1432692
1432989
1433288
1433585
1433875
1434173
1434464
1434760
1435053
1435350
1435649
1435948
1436243
1436537
1436835
1437128
1437422
1437713
1438006
1438305
1438601
1438893
1439183
1439479
1439771
1440064
1440355
1440649
1440947
1441241
1441536
1441832
1442130
1442424
1442720
1443016
1443309
1443606
1443898
1444195
1444492
1444792
1445088
1445385
1445678
1445969
1446262
1446554
1446853
1447145
1447444
1447740
1448039
1448332
1448628
1448926
1449224
1449524
1449820
1450115
1450407
1450706
1451001
1451300
1451590
1451890
1452186
1452481
1452779
1453072
1453362
1453653
1453946
1454240
1454533
1454829
1455126
1455417
1455709
1455999
1456289
1456584
1456874
1457173
1457470
1457765
1458055
1458348
1458647
1458937
1459231
1459521
1459818
1460114
1460413
1460707
1460999
1461299
1461593
1461883
1462183
1462477
1462772
1463063
1463357
1463652
1463952
1464252
1464545
1464845
1465144
1465443
1465739
1466035
1466329
1466622
1466917
1467207
1467505
1467804
1468095
1468393
1468688
1468987
1469284
1469584
1469880
1470171
1470468
1470766
1471065
1471363
1471654
1471949
1472240
1472532
1472832
1473122
1473420
1473711
1474008
1474305
1474597
1474894
1475187
1475484
1475784
1476078
1476376
1476668
1476965
1477264
1477564
1477863
1478162
1478459
1478756
1479052
1479349
1479645
1479938
1480229
1480521
1480816
1481114
1481410
1481707
1482006
1482298
1482594
1482885
1483175
1483467
1483759
1484054
1484348
1484644
1484936
1485235
1485528
1485826
1486124
1486418
1486712
1487004
1487300
1487591
1487885
1488184
1488475
1488774
1489069
1489365
1489657
1489950
1490247
1490540
1490839
1491139
1491435
1491732
1492027
1492325
1492615
1492905
1493201
1493496
1493790
1494087
1494381
1494672
1494962
1495254
1495552
1495842
1496132
1496424
1496721
1497011
1497302
1497596
1497888
1498179
1498472
1498767
1499061
1499353
1499648
1499938
1500236
1500529
1500822
1501120
1501413
1501705
1502001
1502296
1502594
1502886
1503183
1503482
1503778
1504071
1504368
1504662
1504962
1505261
1505551
1505846
1506140
1506430
1506729
1507021
1507314
1507607
1507898
1508189
1508483
1508779
1509069
1509359
1509656
1509948
1510242
1510535
1510826
1511122
1511422
1511713
1512007
1512300
1512597
1512891
1513191
1513482
1513779
1514079
1514374
1514664
1514963
1515263
1515562
1515861
1516153
1516447
1516740
1517031
1517328
1517628
1517922
1518213
1518512
1518811
1519108
1519407
1519703
1519994
1520291
1520582
1520880
1521173
1521463
1521762
1522052
1522351
1522641
1522933
1523232
1523524
1523815
1524112
1524407
1524702
1524998
1525295
1525586
1525877
1526170
1526469
1526760
1527057
1527355
1527655
1527953
1528250
1528549
1528841
1529132
1529426
1529718
1530010
1530301
1530600
1530898
1531196
1531487
1531777
1532075
1532365
1532665
1532959
1533253
1533550
1533843
1534143
1534433
1534730
1535027
1535323
1535619
1535909
1536204
1536498
1536791
1537086
1537377
1537675
1537969
1538259
1538552
1538849
1539149
1539441
1539735
1540030
1540320
1540612
1540902
1541198
1541494
1541792
1542082
1542373
1542673
1542972
1543269
1543565
1543862
1544152
1544450
1544749
1545043
1545343
1545634
1545929
1546229
1546527
1546821
1547121
1547413
1547706
1548000
1548291
1548590
1548889
1549183
1549473
1549767
1550061
1550353
1550650
1550943
1551242
1551535
1551835
1552126
1552420
1552714
1553013
1553304
1553604
1553896
1554192
1554488
1554783
1555079
1555378
1555668
1555962
1556255
1556545
1556840
1557134
1557428
1557725
1558015
1558309
1558599
1558897
1559187
1559484
1559777
1560068
1560367
1560662
1560957
1561255
1561552
1561845
1562139
1562432
1562723
1563015
1563313
1563611
1563904
1564203
1564503
1564797
1565089
1565384
1565679
1565975
1566271
1566562
1566852
1567149
1567447
1567745
1568036
1568328
1568625
1568922
1569221
1569517
1569814
1570113
1570413
1570712
1571004
1571296
1571594
1571892
1572192
1572484
1572780
1573076
1573369
1573660
1573954
1574244
1574543
1574838
1575138
1575436
1575736
1576036
1576332
1576626
1576917
1577212
1577506
1577797
1578096
1578394
1578690
1578986
1579283
1579576
1579876
1580167
1580467
1580764
1581060
1581356
1581651
1581946
1582237
1582531
1582823
1583114
1583411
1583711
1584008
1584301
1584601
1584896
1585186
1585484
1585780
1586076
1586374
1586665
1586961
1587260
1587559
1587855
1588153
1588449
1588747
1589038
1589337
1589635
1589935
1590234
1590533
1590828
1591118
1591418
1591714
1592011
1592306
1592600
1592891
1593185
1593475
1593766
1594066
1594366
1594660
1594957
1595253
1595550
1595840
1596140
1596435
1596725
1597019
1597310
1597608
1597900
1598193
1598486
1598778
1599072
1599370
1599667
1599967
1600257
1600551
1600845
1601140
1601432
1601726
1602022
1602322
1602613
1602905
1603199
1603499
1603792
1604091
1604391
1604683
1604974
1605267
1605559
1605856
1606152
1606445
1606738
1607031
1607326
1607624
1607921
1608217
1608510
1608810
1609105
1609397
1609693
1609992
1610287
1610579
1610878
1611177
1611472
1611770
1612064
1612356
1612647
1612942
1613235
1613525
1613821
1614112
1614411
1614702
1614996
1615295
1615586
1615880
1616171
1616469
1616764
1617054
1617351
1617650
1617941
1618231
1618524
1618821
1619113
1619413
1619711
1620002
1620297
1620588
1620886
1621184
1621483
1621778
1622075
1622374
1622672
1622970
1623260
1623555
1623851
1624142
1624440
1624736
1625029
1625319
1625614
1625908
1626203
1626498
1626798
1627089
1627379
1627674
1627967
1628262
1628553
1628852
1629142
1629438
1629736
1630029
1630319
1630609
1630905
1631200
1631495
1631786
1632076
1632374
1632668
1632968
1633261
1633554
1633852
1634143
1634436
1634736
1635028
1635325
1635617
1635912
1636204
1636500
1636792
1637087
1637387
1637684
1637978
1638274
1638565
1638860
1639156
1639456
1639749
1640045
1640337
1640634
1640927
1641225
1641525
1641817
1642111
1642403
1642695
1642994
1643294
1643594
1643892
1644191
1644488
1644784
1645083
1645374
1645668
1645960
1646257
1646551
1646848
1647146
1647438
1647738
1648035
1648335
1648633
1648923
1649219
1649513
1649807
1650100
1650390
1650684
1650979
1651272
1651565
1651858
1652149
1652443
1652737
1653036
1653330
1653623
1653917
1654212
1654502
1654802
1655098
1655394
1655692
1655984
1656281
1656575
1656869
1657166
1657458
1657755
1658053
1658348
1658647
1658937
1659234
1659533
1659831
1660130
1660429
1660724
1661014
1661309
1661606
1661903
1662201
1662497
1662787
1663084
1663383
1663680
1663977
1664271
1664565
1664859
1665155
1665448
1665741
1666038
1666336
1666626
1666921
1667220
1667510
1667806
1668102
1668394
1668692
1668991
1669288
1669588
1669887
1670186
1670484
1670777
1671075
1671368
1671668
1671965
1672256
1672552
1672848
1673147
1673440
1673740
1674036
1674327
1674622
1674918
1675209
1675500
1675790
1676083
1676383
1676673
1676969
1677266
1677566
1677858
1678158
1678449
1678746
1679046
1679345
1679642
1679936
1680229
1680528
1680823
1681121
1681413
1681710
1682008
1682298
1682591
1682883
1683183
1683482
1683774
1684065
1684361
1684658
1684951
1685241
1685531
1685822
1686116
1686414
1686712
1687009
1687305
1687597
1687897
1688193
1688491
1688783
1689081
1689376
1689666
1689960
1690260
1690551
1690849
1691142
1691437
1691737
1692028
1692321
1692611
1692908
1693205
1693500
1693800
1694093
1694388
1694682
1694976
1695275
1695573
1695864
1696155
1696454
1696752
1697050
1697348
1697638
1697929
1698221
1698514
1698809
1699106
1699401
1699698
1699992
1700287
1700584
1700876
1701169
1701459
1701754
1702044
1702338
1702633
1702924
1703223
1703523
1703817
1704107
1704404
1704699
1704998
1705293
1705588
1705883
1706179
1706472
1706768
1707066
1707357
1707648
1707940
1708230
1708525
1708823
1709121
1709415
1709712
1710005
1710301
1710600
1710898
1711189
1711484
1711774
1712070
1712363
1712660
1712959
1713259
1713553
1713848
1714139
1714431
1714723
1715014
1715309
1715602
1715897
1716194
1716487
1716777
1717068
1717363
1717662
1717954
1718253
1718545
1718842
1719132
1719431
1719726
1720019
1720317
1720617
1720916
1721214
1721509
1721803
1722095
1722387
1722684
1722974
1723268
1723566
1723864
1724157
1724448
1724738
1725033
1725323
1725618
1725912
1726210
1726507
1726806
1727099
1727399
1727695
1727995
1728288
1728580
1728870
1729160
1729451
1729746
1730045
1730338
1730633
1730926
1731221
1731520
1731816
1732113
1732412
1732702
1732995
1733286
1733583
1733878
1734175
1734471
1734761
1735055
1735354
1735644
1735940
1736240
1736540
1736840
1737133
1737430
1737720
1738016
1738307
1738599
1738893
1739187
1739485
1739784
1740079
1740370
1740662
1740956
1741253
1741551
1741845
1742139
1742439
1742739
1743033
1743325
1743617
1743917
1744213
1744503
1744795
1745095
1745393
1745693
1745986
1746285
1746585
1746885
1747178
1747475
1747774
1748072
1748366
1748660
1748951
1749242
1749542
1749835
1750130
1750430
1750728
1751028
1751324
1751616
1751906
1752206
1752503
1752797
1753093
1753385
1753679
1753973
1754267
1754561
1754859
1755157
1755456
1755751
1756049
1756345
1756640
1756938
1757233
1757527
1757823
1758120
1758418
1758713
1759013
1759311
1759609
1759903
1760198
1760498
1760793
1761083
1761374
1761671
1761964
1762263
1762553
1762845
1763138
1763436
1763731
1764021
1764312
1764610
1764909
1765201
1765498
1765793
1766089
1766382
1766674
1766970
1767260
1767555
1767851
1768142
1768439
1768736
1769032
1769322
1769613
1769903
1770201
1770493
1770788
1771086
1771376
1771675
1771965
1772260
1772556
1772856
1773147
1773443
1773736
1774032
1774329
1774619
1774909
1775201
1775496
1775788
1776085
1776382
1776678
1776968
1777267
1777567
1777863
1778156
1778449
1778748
1779048
1779345
1779642
1779938
1780230
1780525
1780824
1781121
1781421
1781712
1782012
1782305
1782605
1782903
1783202
1783502
1783792
1784091
1784384
1784683
1784973
1785266
1785559
1785857
1786149
1786444
1786735
1787035
1787325
1787616
1787911
1788211
1788510
1788808
1789101
1789396
1789689
1789985
1790282
1790581
1790874
1791169
1791466
1791756
1792047
1792338
1792628
1792923
1793219
1793515
1793808
1794107
1794406
1794697
1794997
1795293
1795590
1795890
1796182
1796480
1796775
1797067
1797366
1797662
1797958
1798248
1798547
1798845
1799138
1799429
1799722
1800015
1800313
1800608
1800899
1801198
1801494
1801785
1802081
1802380
1802676
1802975
1803267
1803557
1803847
1804140
1804435
1804727
1805023
1805323
1805621
1805918
1806215
1806507
1806801
1807099
1807389
1807683
1807981
1808274
1808574
1808874
1809174
1809464
1809755
1810050
1810348
1810641
1810939
1811239
1811534
1811832
1812128
1812428
1812718
1813014
1813314
1813606
1813898
1814193
1814487
1814779
1815070
1815366
1815664
1815956
1816252
1816545
1816842
1817138
1817431
1817729
1818026
1818322
1818614
1818906
1819197
1819488
1819782
1820074
1820370
1820670
1820966
1821266
1821566
1821856
1822155
1822450
1822745
1823044
1823334
1823627
1823922
1824220
1824514
1824813
1825109
1825403
1825696
1825989
1826287
1826587
1826880
1827171
1827470
1827768
1828061
1828353
1828644
1828939
1829236
1829533
1829828
1830124
1830420
1830713
1831009
1831299
1831597
1831893
1832185
1832478
1832776
1833066
1833365
1833657
1833954
1834244
1834542
1834834
1835129
1835421
1835716
1836010
1836305
1836604
1836903
1837193
1837487
1837786
1838079
1838370
1838665
1838956
1839253
1839546
1839837
1840132
1840430
1840727
1841022
1841322
1841616
1841906
1842200
1842491
1842783
1843080
1843372
1843663
1843959
1844251
1844545
1844837
1845135
1845435
1845735
1846029
1846329
1846624
1846920
1847210
1847501
1847796
1848089
1848383
1848680
1848977
1849274
1849564
1849862
1850156
1850448
1850748
1851044
1851339
1851629
1851926
1852219
1852514
1852810
1853107
1853400
1853695
1853991
1854284
1854582
1854877
1855176
1855474
1855774
1856070
1856364
1856659
1856956
1857256
1857553
1857845
1858137
1858437
1858730
1859023
1859315
1859615
1859912
1860207
1860503
1860798
1861092
1861386
1861682
1861974
1862266
1862562
1862862
1863152
1863446
1863741
1864037
1864334
1864630
1864921
1865212
1865504
1865795
1866086
1866381
1866678
1866978
1867275
1867575
1867865
1868159
1868456
1868755
1869045
1869338
1869638
1869932
1870222
1870519
1870818
1871115
1871407
1871704
1872004
1872295
1872586
1872886
1873176
1873474
1873773
1874064
1874362
1874657
1874954
1875250
1875548
1875846
1876140
1876438
1876731
1877028
1877321
1877618
1877913
1878208
1878502
1878796
1879095
1879387
1879685
1879983
1880283
1880583
1880874
1881170
1881470
1881767
1882065
1882356
1882646
1882939
1883238
1883538
1883836
1884134
1884430
1884727
1885022
1885315
1885608
1885900
1886191
1886490
1886787
1887078
1887373
1887664
1887957
1888247
1888538
1888835
1889134
1889432
1889732
1890030
1890320
1890612
1890905
1891200
1891499
1891792
1892090
1892386
1892680
1892980
1893273
1893565
1893857
1894157
1894451
1894751
1895051
1895347
1895644
1895938
1896235
1896526
1896821
1897115
1897414
1897706
1898006
1898302
1898598
1898889
1899189
1899486
1899778
1900068
1900368
1900658
1900952
1901250
1901540
1901833
1902124
1902422
1902721
1903021
1903314
1903613
1903913
1904203
1904494
1904787
1905081
1905381
1905678
1905969
1906262
1906558
1906853
1907148
1907441
1907737
1908034
1908326
1908618
1908910
1909207
1909505
1909797
1910088
1910383
1910674
1910969
1911267
1911566
1911861
1912158
1912450
1912745
1913041
1913335
1913634
1913929
1914228
1914528
1914828
1915127
1915418
1915710
1916009
1916301
1916601
1916895
1917185
1917479
1917777
1918068
1918359
1918649
1918943
1919236
1919535
1919833
1920132
1920423
1920721
1921011
1921308
1921606
1921902
1922193
1922491
1922785
1923075
1923370
1923668
1923966
1924259
1924558
1924855
1925148
1925442
1925740
1926035
1926326
1926621
1926915
1927206
1927502
1927796
1928092
1928389
1928684
1928974
1929272
1929569
1929863
1930158
1930454
1930753
1931053
1931353
1931647
1931943
1932243
1932534
1932829
1933128
1933423
1933717
1934012
1934309
1934601
1934897
1935188
1935487
1935785
1936081
1936373
1936672
1936963
1937257
1937556
1937846
1938138
1938432
1938731
1939031
1939328
1939626
1939916
1940213
1940510
1940806
1941102
1941394
1941692
1941988
1942282
1942580
1942871
1943167
1943462
1943752
1944043
1944337
1944627
1944922
1945220
1945520
1945811
1946105
1946400
1946700
1946999
1947294
1947587
1947878
1948169
1948462
1948754
1949046
1949345
1949641
1949934
1950230
1950521
1950821
1951114
1951408
1951705
1951996
1952295
1952587
1952880
1953177
1953476
1953766
1954065
1954358
1954658
1954952
1955248
1955541
1955831
1956123
1956421
1956718
1957016
1957306
1957597
1957896
1958189
1958488
1958786
1959081
1959377
1959674
1959974
1960272
1960565
1960860
1961158
1961452
1961742
1962037
1962330
1962627
1962927
1963221
1963516
1963807
1964101
1964395
1964690
1964989
1965283
1965580
1965876
1966166
1966456
1966750
1967044
1967337
1967629
1967919
1968215
1968512
1968811
1969104
1969395
1969690
1969982
1970278
1970571
1970867
1971157
1971447
1971745
1972040
1972331
1972621
1972919
1973218
1973508
1973807
1974105
1974398
1974697
1974996
1975287
1975586
1975876
1976166
1976462
1976761
1977060
1977360
1977656
1977951
1978246
1978538
1978834
1979132
1979426
1979720
1980017
1980311
1980606
1980902
1981199
1981499
1981798
1982089
1982383
1982675
1982975
1983268
1983563
1983859
1984157
1984450
1984748
1985047
1985338
1985637
1985928
1986225
1986525
1986816
1987108
1987400
1987690
1987990
1988282
1988580
1988879
1989171
1989462
1989761
1990055
1990348
1990648
1990943
1991239
1991536
1991836
1992127
1992421
1992717
1993012
1993307
1993606
1993901
1994201
1994501
1994793
1995089
1995380
1995679
1995976
1996273
1996569
1996863
1997159
1997458
1997756
1998049
1998342
1998639
1998930
1999227
1999518
1999815
2000113
2000403
2000694
2000993
2001287
2001584
2001881
2002177
2002472
2002768
2003062
2003354
2003652
2003945
2004241
2004531
2004821
2005115
2005407
2005706
2006005
2006295
2006595
2006887
2007185
2007485
2007783
2008079
2008377
2008674
2008972
2009270
2009568
2009859
2010156
2010452
2010750
2011043
2011333
2011631
2011929
2012222
2012512
2012806
2013098
2013396
2013692
2013991
2014290
2014585
2014875
2015165
2015455
2015751
2016046
2016337
2016634
2016930
2017220
2017517
2017809
2018106
2018402
2018692
2018983
2019282
2019574
2019872
2020162
2020456
2020755
2021055
2021347
2021643
2021935
2022227
2022522
2022822
2023112
2023411
2023707
2024007
2024302
2024593
2024891
2025191
2025491
2025790
2026088
2026380
2026671
2026970
2027262
2027562
2027861
2028156
2028447
2028746
2029036
2029329
2029624
2029917
2030214
2030512
2030808
2031100
2031397
2031690
2031981
2032281
2032573
2032868
2033168
2033462
2033761
2034059
2034355
2034647
2034944
2035236
2035533
2035829
2036129
2036424
2036722
2037017
2037314
2037605
2037901
2038195
2038490
2038780
2039072
2039368
2039668
2039959
2040255
2040553
2040853
2041146
2041444
2041734
2042025
2042323
2042614
2042909
2043206
2043499
2043796
2044092
2044383
2044675
2044971
2045266
2045560
2045858
2046148
2046439
2046731
2047023
2047321
2047620
2047919
2048212
2048505
2048798
2049095
2049395
2049687
2049981
2050271
2050564
2050859
2051155
2051454
2051752
2052049
2052347
2052639
2052929
2053229
2053522
2053812
2054109
2054407
2054703
2054998
2055288
2055584
2055882
2056177
2056471
2056767
2057059
2057349
2057639
2057929
2058220
2058510
2058801
2059098
2059389
2059679
2059971
2060267
2060567
2060858
2061158
2061450
2061741
2062032
2062325
2062623
2062916
2063209
2063503
2063793
2064090
2064388
2064686
2064980
2065270
2065567
2065863
2066153
2066450
2066740
2067036
2067326
2067617
2067913
2068213
2068511
2068804
2069103
2069396
2069688
2069985
2070282
2070579
2070875
2071175
2071471
2071769
2072065
2072363
2072661
2072951
2073250
2073541
2073841
2074137
2074436
2074731
2075024
2075323
2075619
2075913
2076203
2076494
2076790
2077088
2077384
2077677
2077977
2078269
2078559
2078857
2079151
2079442
2079733
2080031
2080322
2080615
2080906
2081199
2081494
2081790
2082080
2082371
2082664
2082961
2083252
2083545
2083839
2084136
2084434
2084724
2085021
2085314
2085610
2085910
2086202
2086493
2086792
2087086
2087383
2087673
2087972
2088265
2088557
2088854
2089148
2089448
2089741
2090036
2090331
2090627
2090924
2091220
2091512
2091804
2092104
2092397
2092695
2092991
2093282
2093577
2093872
2094167
2094465
2094761
2095059
2095354
2095646
2095942
2096240
2096540
2096839
2097130
2097429
2097726
2098024
2098317
2098612
2098905
2099196
2099490
2099789
2100089
2100380
2100678
2100977
2101269
2101568
2101865
2102156
2102446
2102746
2103041
2103337
2103629
2103919
2104218
2104509
2104800
2105096
2105392
2105688
2105981
2106277
2106570
2106867
2107164
2107460
2107754
2108044
2108335
2108628
2108918
2109213
2109513
2109804
2110099
2110391
2110687
2110979
2111272
2111572
2111867
2112160
2112452
2112742
2113040
2113338
2113638
2113936
2114231
2114521
2114819
2115115
2115415
2115711
2116007
2116305
2116604
2116896
2117192
2117486
2117785
2118081
2118371
2118671
2118969
2119268
2119565
2119861
2120161
2120456
2120749
2121039
2121331
2121624
2121923
2122217
2122513
2122806
2123097
2123389
2123681
2123980
2124273
2124566
2124866
2125166
2125461
2125760
2126050
2126342
2126639
2126935
2127226
2127525
2127817
2128109
2128405
2128701
2128993
2129285
2129579
2129873
2130163
2130459
2130754
2131050
2131347
2131643
2131942
2132234
2132526
2132825
2133120
2133410
2133700
2133992
2134286
2134580
2134879
2135176
2135466
2135759
2136058
2136350
2136650
2136945
2137239
2137536
2137831
2138127
2138424
2138719
2139019
2139311
2139601
2139895
2140191
2140491
2140784
2141074
2141371
2141669
2141962
2142255
2142555
2142851
2143151
2143443
2143738
2144036
2144335
2144630
2144920
2145216
2145516
2145807
2146098
2146397
2146691
2146991
2147284
2147578
2147877
2148174
2148465
2148763
2149063
2149359
2149649
2149939
2150238
2150538
2150832
2151126
2151416
2151712
2152008
2152299
2152589
2152883
2153177
2153474
2153773
2154072
2154363
2154656
2154956
2155252
2155542
2155842
2156132
2156422
2156719
2157015
2157310
2157610
2157909
2158203
2158502
2158799
2159095
2159392
2159684
2159977
2160268
2160559
2160857
2161152
2161452
2161749
2162039
2162333
2162625
2162915
2163210
2163506
2163796
2164095
2164387
2164685
2164981
2165277
2165577
2165868
2166165
2166456
2166747
2167040
2167336
2167626
2167917
2168216
2168509
2168799
2169098
2169389
2169685
2169981
2170280
2170571
2170871
2171168
2171460
2171755
2172052
2172345
2172645
2172943
2173234
2173534
2173828
2174118
2174413
2174707
2174998
2175298
2175598
2175891
2176191
2176490
2176783
2177080
2177371
2177669
2177964
2178257
2178554
2178845
2179145
2179440
2179730
2180025
2180318
2180609
2180902
2181202
2181493
2181792
2182088
2182386
2182677
2182976
2183268
2183564
2183861
2184158
2184452
2184743
2185033
2185333
2185630
2185923
2186216
2186510
2186808
2187100
2187393
2187691
2187986
2188285
2188580
2188880
2189172
2189467
2189757
2190047
2190343
2190642
2190937
2191229
2191523
2191818
2192112
2192408
2192704
2192995
2193294
2193586
2193885
2194184
2194483
2194773
2195071
2195370
2195663
2195961
2196258
2196556
2196854
2197150
2197447
2197743
2198036
2198328
2198624
2198915
2199206
2199497
2199789
2200088
2200381
2200681
2200978
2201274
2201565
2201860
2202150
2202442
2202737
2203031
2203322
2203619
2203909
2204202
2204498
2204791
2205088
2205388
2205680
2205980
2206280
2206570
2206863
2207162
2207461
2207757
2208054
2208349
2208645
2208935
2209233
2209525
2209815
2210114
2210407
2210701
2211001
2211296
2211592
2211886
2212183
2212475
2212773
2213073
2213366
2213661
2213955
2214245
2214536
2214827
2215117
2215409
2215702
2215997
2216294
2216590
2216882
2217178
2217471
2217761
2218056
2218355
2218653
2218949
2219240
2219536
2219834
2220125
2220416
2220709
2221008
2221300
2221590
2221890
2222181
2222473
2222768
2223065
2223356
2223649
2223948
2224238
2224529
2224825
2225117
2225417
2225715
2226009
2226309
2226599
2226895
2227192
2227492
2227785
2228083
2228381
2228677
2228970
2229269
2229568
2229861
2230153
2230449
2230745
2231039
2231329
2231621
2231911
2232204
2232503
2232801
2233096
2233391
2233684
2233974
2234267
2234564
2234855
2235147
2235441
2235739
2236038
2236337
2236637
2236932
2237224
2237524
2237816
2238111
2238402
2238699
2238994
2239285
2239584
2239880
2240177
2240468
2240760
2241059
2241355
2241648
2241944
2242239
2242536
2242831
2243125
2243424
2243715
2244010
2244310
2244600
2244895
2245188
2245481
2245772
2246068
2246361
2246657
2246947
2247246
2247546
2247846
2248142
2248436
2248726
2249018
2249314
2249609
2249905
2250204
2250503
2250794
2251092
2251392
2251689
2251980
2252275
2252566
2252866
2253161
2253455
2253752
2254044
2254342
2254642
2254941
2255235
2255531
2255823
2256120
2256419
2256713
2257009
2257303
2257597
2257889
2258183
2258483
2258773
2259071
2259361
2259657
2259951
2260247
2260543
2260836
2261134
2261432
2261726
2262024
2262323
2262620
2262914
2263209
2263500
2263797
2264093
2264384
2264678
2264973
2265268
2265561
2265858
2266152
2266445
2266736
2267036
2267336
2267636
2267934
2268225
2268520
2268816
2269115
2269407
2269699
2269995
2270293
2270584
2270881
2271175
2271470
2271764
2272061
2272355
2272648
2272945
2273236
2273532
2273825
2274116
2274411
2274709
2275001
2275296
2275592
2275883
2276179
2276473
2276769
2277059
2277354
2277653
2277947
2278241
2278531
2278822
2279113
2279406
2279703
2279998
2280298
2280589
2280887
2281178
2281472
2281767
2282061
2282358
2282658
2282949
2283246
2283540
2283836
2284136
2284435
2284733
2285029
2285325
2285616
2285916
2286216
2286507
2286801
2287100
2287393
2287685
2287981
2288280
2288571
2288865
2289155
2289445
2289739
2290036
2290336
2290631
2290922
2291212
2291502
2291793
2292090
2292384
2292684
2292982
2293278
2293572
2293862
2294156
2294448
2294741
2295039
2295331
2295621
2295913
2296209
2296507
2296803
2297098
2297393
2297684
2297974
2298273
2298571
2298867
2299157
2299456
2299746
2300040
2300337
2300628
2300927
2301224
2301516
2301808
2302102
2302392
2302689
2302989
2303287
2303583
2303879
2304172
2304467
2304760
2305060
2305352
2305647
2305937
2306232
2306524
2306818
2307117
2307413
2307706
2307997
2308297
2308589
2308880
2309176
2309471
2309765
2310060
2310353
2310647
2310946
2311241
2311540
2311840
2312134
2312434
2312733
2313027
2313317
2313607
2313905
2314203
2314494
2314793
2315090
2315382
2315680
2315980
2316273
2316564
2316861
2317156
2317455
2317754
2318045
2318338
2318630
2318927
2319221
2319517
2319810
2320110
2320401
2320693
2320993
2321291
2321582
2321879
2322172
2322465
2322764
2323064
2323358
2323648
2323939
2324230
2324527
2324826
2325116
2325409
2325705
2325997
2326294
2326586
2326877
2327172
2327472
2327770
2328069
2328364
2328656
2328948
2329247
2329543
2329838
2330133
2330426
2330724
2331017
2331315
2331613
2331903
2332195
2332489
2332783
2333082
2333375
2333666
2333963
2334255
2334549
2334849
2335146
2335442
2335734
2336029
2336319
2336615
2336911
2337205
2337499
2337791
2338085
2338382
2338678
2338977
2339277
2339570
2339867
2340164
2340464
2340760
2341054
2341346
2341644
2341941
2342239
2342536
2342827
2343121
2343420
2343720
2344014
2344312
2344606
2344896
2345191
2345483
2345776
2346068
2346368
2346663
2346962
2347256
2347553
2347851
2348151
2348443
2348739
2349039
2349333
2349627
2349921
2350216
2350507
2350804
2351095
2351389
2351680
2351973
2352268
2352560
2352860
2353152
2353450
2353750
2354046
2354338
2354629
2354928
2355220
2355511
2355801
2356101
2356401
2356698
2356998
2357295
2357592
2357885
2358175
2358470
2358760
2359057
2359353
2359647
2359944
2360235
2360534
2360827
2361119
2361418
2361716
2362011
2362306
2362601
2362897
2363188
2363483
2363783
2364075
2364365
2364662
2364952
2365244
2365540
2365830
2366130
2366423
2366720
2367017
2367317
2367610
2367904
2368203
2368493
2368784
2369075
2369375
2369665
2369956
2370253
2370548
2370841
2371131
2371421
2371712
2372011
2372304
2372603
2372902
2373202
2373493
2373790
2374081
2374379
2374672
2374967
2375264
2375560
2375852
2376148
2376438
2376736
2377031
2377326
2377620
2377919
2378211
2378508
2378806
2379100
2379400
2379696
2379996
2380290
2380583
2380877
2381174
2381472
2381762
2382058
2382349
2382646
2382943
2383240
2383531
2383829
2384119
2384410
2384706
2385001
2385294
2385594
2385887
2386186
2386486
2386779
2387070
2387367
2387658
2387956
2388251
2388544
2388836
2389129
2389424
2389724
2390024
2390322
2390620
2390913
2391211
2391504
2391802
2392101
2392392
2392683
2392982
2393279
2393575
2393867
2394158
2394458
2394757
2395048
2395338
2395633
2395932
2396232
2396529
2396825
2397120
2397411
2397703
2398003
2398293
2398591
2398890
2399185
2399479
2399776
2400073
2400366
2400663
2400963
2401259
2401558
2401850
2402140
2402440
2402733
2403023
2403316
2403616
2403914
2404213
2404508
2404806
2405096
2405393
2405685
2405979
2406276
2406569
2406868
2407163
2407460
2407750
2408040
2408337
2408633
2408926
2409217
2409508
2409805
2410099
2410390
2410689
2410979
2411272
2411564
2411857
2412147
2412438
2412733
2413030
2413327
2413626
2413919
2414209
2414500
2414791
2415082
2415381
2415677
2415973
2416272
2416562
2416853
2417149
2417443
2417742
2418035
2418325
2418618
2418917
2419211
2419508
2419803
2420101
2420398
2420693
2420989
2421280
2421578
2421871
2422170
2422462
2422759
2423051
2423349
2423647
2423941
2424237
2424534
2424833
2425125
2425423
2425715
2426008
2426301
2426600
2426897
2427194
2427493
2427790
2428081
2428379
2428673
2428964
2429260
2429550
2429849
2430142
2430441
2430738
2431034
2431329
2431620
2431917
2432217
2432513
2432805
2433098
2433393
2433691
2433990
2434286
2434586
2434883
2435179
2435476
2435766
2436058
2436351
2436644
2436939
2437238
2437534
2437824
2438116
2438411
2438710
2439002
2439295
2439586
2439878
2440177
2440475
2440770
2441064
2441361
2441655
2441954
2442254
2442552
2442843
2443143
2443436
2443728
2444020
2444318
2444610
2444907
2445199
2445489
2445785
2446083
2446380
2446679
2446977
2447267
2447566
2447866
2448165
2448464
2448763
2449056
2449350
2449649
2449939
2450237
2450535
2450827
2451120
2451410
2451708
2452008
2452301
2452596
2452886
2453183
2453477
2453771
2454066
2454365
2454660
2454952
2455243
2455535
2455827
2456120
2456420
2456720
2457016
2457310
2457605
2457899
2458192
2458490
2458788
2459085
2459384
2459681
2459972
2460264
2460555
2460853
2461146
2461436
2461728
2462022
2462312
2462604
2462903
2463193
2463488
2463788
2464084
2464383
2464676
2464969
2465268
2465558
2465851
2466148
2466444
2466744
2467038
2467329
2467625
2467916
2468213
2468508
2468800
2469091
2469384
2469682
2469975
2470271
2470569
2470861
2471153
2471451
2471747
2472042
2472333
2472623
2472914
2473212
2473502
2473799
2474094
2474393
2474689
2474982
2475276
2475568
2475868
2476166
2476466
2476758
2477049
2477339
2477638
2477937
2478234
2478533
2478825
2479124
2479416
2479713
2480011
2480301
2480598
2480898
2481193
2481490
2481784
2482083
2482376
2482671
2482966
2483257
2483551
2483851
2484141
2484437
2484737
2485034
2485333
2485629
2485919
2486209
2486500
2486799
2487095
2487393
2487684
2487983
2488281
2488581
2488877
2489176
2489470
2489762
2490053
2490353
2490652
2490949
2491241
2491531
2491830
2492121
2492419
2492714
2493013
2493304
2493603
2493893
2494193
2494490
2494790
2495090
2495382
2495679
2495970
2496268
2496562
2496858
2497153
2497453
2497748
2498040
2498338
2498628
2498926
2499220
2499510
2499801
2500100
2500396
2500689
2500979
2501274
2501574
2501872
2502171
2502465
2502765
2503063
2503358
2503657
2503957
2504248
2504538
2504830
2505120
2505411
2505706
2506006
2506299
2506596
2506892
2507189
2507479
2507772
2508062
2508352
2508651
2508948
2509242
2509536
2509826
2510117
2510412
2510703
2510996
2511296
2511596
2511889
2512184
2512475
2512771
2513061
2513355
2513651
2513944
2514242
2514534
2514826
2515125
2515423
2515719
2516012
2516302
2516599
2516897
2517190
2517483
2517781
2518071
2518366
2518666
2518965
2519265
2519560
2519860
2520153
2520452
2520743
2521035
2521328
2521619
2521915
2522207
2522498
2522794
2523086
2523378
2523668
2523959
2524251
2524549
2524845
2525137
2525432
2525729
2526027
2526324
2526624
2526915
2527207
2527501
2527801
2528093
2528392
2528690
2528987
2529278
2529573
2529868
2530162
2530455
2530750
2531050
2531348
2531640
2531940
2532239
2532532
2532828
2533125
2533418
2533714
2534012
2534309
2534608
2534905
2535195
2535485
2535785
2536083
2536378
2536678
2536975
2537271
2537566
2537864
2538154
2538452
2538747
2539042
2539334
2539631
2539922
2540222
2540522
2540815
2541115
2541406
2541697
2541993
2542285
2542578
2542869
2543164
2543454
2543752
2544052
2544344
2544644
2544937
2545229
2545519
2545812
2546108
2546405
2546698
2546994
2547288
2547588
2547880
2548174
2548468
2548763
2549060
2549358
2549649
2549943
2550237
2550529
2550829
2551122
2551420
2551717
2552013
2552306
2552604
2552903
2553200
2553492
2553792
2554083
2554379
2554672
2554969
2555267
2555563
2555862
2556161
2556452
2556751
2557042
2557338
2557636
2557935
2558230
2558527
2558820
2559118
2559415
2559711
2560007
2560302
2560600
2560892
2561192
2561487
2561785
2562076
2562371
2562664
2562955
2563251
2563551
2563844
2564134
2564429
2564726
2565019
2565315
2565614
2565914
2566211
2566507
2566803
2567093
2567391
2567691
2567990
2568281
2568576
2568866
2569161
2569461
2569751
2570043
2570342
2570640
2570932
2571225
2571525
2571816
2572109
2572400
2572697
2572994
2573289
2573585
2573880
2574171
2574464
2574754
2575048
2575341
2575631
2575931
2576227
2576517
2576811
2577111
2577402
2577693
2577989
2578282
2578574
2578865
2579159
2579453
2579743
2580040
2580339
2580636
2580926
2581225
2581518
2581812
2582112
2582407
2582707
2582998
2583294
2583591
2583891
2584186
2584486
2584780
2585077
2585373
2585664
2585956
2586251
2586546
2586844
2587144
2587442
2587742
2588034
2588330
2588622
2588913
2589206
2589502
2589800
2590090
2590383
2590674
2590971
2591261
2591556
2591849
2592139
2592437
2592735
2593034
2593327
2593620
2593910
2594201
2594499
2594790
2595082
2595378
2595669
2595963
2596261
2596556
2596855
2597151
2597449
2597748
2598043
2598337
2598637
2598929
2599219
2599517
2599810
2600104
2600394
2600685
2600980
2601278
2601574
2601865
2602159
2602453
2602745
2603035
2603329
2603620
2603912
2604206
2604498
2604798
2605094
2605387
2605686
2605978
2606273
2606571
2606869
2607169
2607462
2607757
2608055
2608346
2608644
2608938
2609228
2609528
2609827
2610124
2610421
2610715
2611006
2611300
2611592
2611885
2612184
2612477
2612775
2613072
2613371
2613666
2613965
2614261
2614559
2614852
2615151
2615450
2615748
2616041
2616338
2616628
2616926
2617225
2617518
2617809
2618100
2618399
2618699
2618990
2619284
2619579
2619871
2620167
2620463
2620754
2621045
2621341
2621640
2621930
2622220
2622519
2622815
2623115
2623405
2623700
2623996
2624289
2624585
2624879
2625179
2625469
2625769
2626060
2626351
2626645
2626938
2627236
2627528
2627819
2628113
2628405
2628699
2628990
2629288
2629584
2629879
2630175
2630467
2630757
2631048
2631344
2631636
2631934
2632233
2632529
2632824
2633116
2633409
2633703
2633994
2634288
2634586
2634885
2635184
2635481
2635778
2636070
2636368
2636663
2636962
2637259
2637558
2637858
2638158
2638452
2638749
2639042
2639335
2639628
2639928
2640228
2640522
2640816
2641116
2641416
2641708
2642006
2642305
2642599
2642893
2643188
2643479
2643773
2644073
2644371
2644668
2644968
2645262
2645554
2645849
2646146
2646446
2646746
2647043
2647336
2647629
2647919
2648209
2648501
2648794
2649092
2649386
2649682
2649977
2650274
2650571
2650867
2651161
2651452
2651742
2652042
2652334
2652626
2652917
2653214
2653510
2653809
2654103
2654395
2654685
2654983
2655280
2655576
2655867
2656160
2656458
2656753
2657053
2657345
2657635
2657929
2658222
2658514
2658805
2659099
2659398
2659697
2659990
2660287
2660587
2660879
2661178
2661469
2661769
2662066
2662358
2662650
2662942
2663237
2663534
2663828
2664123
2664421
2664719
2665012
2665311
2665609
2665907
2666205
2666500
2666797
2667097
2667393
2667689
2667980
2668272
2668568
2668868
2669166
2669461
2669761
2670053
2670349
2670640
2670936
2671226
2671516
2671812
2672102
2672394
2672690
2672988
2673279
2673569
2673865
2674162
2674455
2674754
2675054
2675353
2675650
2675943
2676237
2676527
2676819
2677111
2677405
2677698
2677992
2678291
2678587
2678880
2679171
2679466
2679756
2680046
2680339
2680633
2680931
2681223
2681514
2681813
2682105
2682403
2682696
2682987
2683284
2683574
2683874
2684171
2684467
2684765
2685055
2685345
2685642
2685933
2686224
2686514
2686807
2687100
2687396
2687688
2687985
2688278
2688577
2688867
2689160
2689458
2689749
2690039
2690335
2690630
2690928
2691223
2691515
2691805
2692103
2692400
2692700
2692999
2693295
2693588
2693878
2694169
2694460
2694752
2695043
2695334
2695633
2695929
2696223
2696513
2696808
2697098
2697395
2697685
2697981
2698278
2698570
2698866
2699162
2699457
2699754
2700051
2700341
2700633
2700928
2701223
2701519
2701810
2702108
2702406
2702701
2702999
2703294
2703587
2703881
2704172
2704469
2704769
2705067
2705358
2705648
2705945
2706242
2706535
2706834
2707125
2707420
2707716
2708009
2708301
2708601
2708898
2709192
2709492
2709784
2710080
2710374
2710669
2710959
2711258
2711548
2711846
2712141
2712434
2712724
2713022
2713315
2713610
2713902
2714201
2714492
2714788
2715078
2715378
2715676
2715967
2716267
2716564
2716855
2717152
2717446
2717739
2718038
2718333
2718630
2718928
2719218
2719508
2719800
2720098
2720389
2720687
2720979
2721277
2721574
2721868
2722159
2722454
2722746
2723036
2723329
2723627
2723923
2724222
2724519
2724818
2725116
2725408
2725703
2725999
2726296
2726589
2726887
2727183
2727476
2727771
2728070
2728368
2728665
2728956
2729254
2729549
2729843
2730136
2730436
2730732
2731023
2731319
2731619
2731910
2732202
2732493
2732792
2733092
2733389
2733682
2733977
2734272
2734563
2734853
2735151
2735442
2735736
2736035
2736334
2736624
2736918
2737217
2737512
2737803
2738095
2738391
2738690
2738985
2739283
2739577
2739876
2740166
2740459
2740755
2741055
2741350
2741648
2741939
2742231
2742529
2742829
2743122
2743418
2743717
2744010
2744300
2744594
2744892
2745189
2745485
2745777
2746071
2746362
2746655
2746949
2747246
2747544
2747836
2748130
2748420
2748717
2749013
2749308
2749608
2749907
2750206
2750497
2750789
2751083
2751378
2751677
2751973
2752273
2752573
2752867
2753159
2753455
2753747
2754040
2754334
2754634
2754934
2755234
2755531
2755826
2756123
2756416
2756716
2757012
2757311
2757605
2757903
2758198
2758498
2758789
2759079
2759370
2759668
2759965
2760262
2760558
2760856
2761149
2761440
2761730
2762028
2762319
2762613
2762906
2763203
2763493
2763789
2764079
2764374
2764667
2764961
2765258
2765553
2765844
2766138
2766428
2766721
2767011
2767302
2767599
2767894
2768184
2768479
2768769
2769069
2769359
2769650
2769940
2770230
2770530
2770825
2771120
2771418
2771718
2772014
2772309
2772600
2772890
2773180
2773480
2773777
2774075
2774366
2774663
2774954
2775246
2775540
2775838
2776129
2776426
2776724
2777020
2777318
2777613
2777908
2778198
2778488
2778788
2779085
2779379
2779675
2779973
2780266
2780558
2780852
2781152
2781448
2781744
2782036
2782329
2782627
2782924
2783216
2783512
2783812
2784108
2784402
2784695
2784991
2785291
2785588
2785887
2786179
2786476
2786770
2787064
2787355
2787654
2787947
2788244
2788541
2788841
2789136
2789427
2789727
2790018
2790313
2790606
2790906
2791199
2791499
2791798
2792091
2792385
2792685
2792980
2793280
2793570
2793863
2794155
2794450
2794740
2795039
2795337
2795637
2795935
2796232
2796525
2796818
2797114
2797409
2797706
2798001
2798299
2798599
2798899
2799197
2799491
2799781
2800073
2800365
2800656
2800949
2801242
2801537
2801836
2802127
2802422
2802721
2803014
2803313
2803609
2803907
2804204
2804500
2804792
2805092
2805383
2805673
2805965
2806265
2806558
2806850
2807150
2807447
2807744
2808035
2808330
2808627
2808925
2809217
2809509
2809800
2810094
2810394
2810686
2810977
2811267
2811567
2811857
2812156
2812453
2812753
2813046
2813341
2813631
2813924
2814224
2814515
2814811
2815107
2815406
2815700
2815991
2816286
2816586
2816883
2817183
2817482
2817776
2818076
2818373
2818672
2818971
2819267
2819563
2819855
2820150
2820444
2820740
2821038
2821336
2821632
2821930
2822220
2822520
2822818
2823113
2823413
2823707
2824005
2824300
2824593
2824888
2825180
2825475
2825767
2826066
2826361
2826651
2826947
2827247
2827537
2827828
2828128
2828419
2828714
2829013
2829308
2829601
2829891
2830187
2830480
2830777
2831073
2831365
2831664
2831958
2832258
2832550
2832842
2833142
2833441
2833735
2834025
2834323
2834614
2834905
2835202
2835492
2835784
2836080
2836370
2836662
2836953
2837252
2837545
2837843
2838143
2838442
2838734
2839029
2839321
2839613
2839910
2840201
2840496
2840787
2841081
2841378
2841676
2841975
2842270
2842564
2842864
2843163
2843458
2843750
2844047
2844347
2844638
2844937
2845228
2845523
2845820
2846110
2846401
2846695
2846986
2847285
2847575
2847875
2848172
2848472
2848771
2849065
2849358
2849649
2849945
2850235
2850532
2850830
2851120
2851410
2851709
2852004
2852300
2852595
2852885
2853183
2853479
2853779
2854077
2854371
2854670
2854962
2855259
2855558
2855848
2856143
2856438
2856730
2857024
2857324
2857614
2857912
2858204
2858499
2858795
2859087
2859381
2859674
2859964
2860259
2860556
2860855
2861145
2861445
2861741
2862036
2862336
2862635
2862926
2863226
2863520
2863811
2864102
2864393
2864684
2864977
2865276
2865573
2865873
2866168
2866464
2866756
2867050
2867350
2867648
2867946
2868239
2868532
2868824
2869117
2869415
2869712
2870008
2870304
2870604
2870900
2871195
2871491
2871789
2872089
2872387
2872685
2872979
2873275
2873574
2873872
2874172
2874463
2874762
2875052
2875349
2875649
2875946
2876238
2876531
2876826
2877120
2877419
2877714
2878010
2878305
2878604
2878898
2879188
2879482
2879772
2880066
2880363
2880661
2880957
2881252
2881550
2881841
2882139
2882434
2882728
2883025
2883321
2883614
2883907
2884202
2884497
2884793
2885084
2885383
2885674
2885973
2886271
2886562
2886856
2887153
2887447
2887747
2888040
2888331
2888621
2888913
2889213
2889504
2889794
2890091
2890387
2890685
2890981
2891279
2891577
2891876
2892175
2892468
2892766
2893057
2893355
2893649
2893948
2894245
2894545
2894839
2895138
2895436
2895728
2896021
2896318
2896616
2896907
2897205
2897500
2897790
2898080
2898374
2898674
2898965
2899261
2899552
2899852
2900143
2900440
2900731
2901028
2901319
2901619
2901914
2902210
2902509
2902802
2903095
2903387
2903683
2903983
2904275
2904575
2904874
2905164
2905462
2905754
2906053
2906350
2906640
2906940
2907232
2907530
2907821
2908118
2908416
2908715
2909015
2909307
2909597
2909891
2910185
2910478
2910776
2911074
2911368
2911659
2911951
2912250
2912540
2912838
2913136
2913430
2913728
2914021
2914316
2914606
2914904
2915199
2915489
2915784
2916078
2916378
2916676
2916967
2917257
2917556
2917846
2918145
2918440
2918739
2919038
2919334
2919634
2919925
2920223
2920519
2920818
2921116
2921415
2921707
2922006
2922301
2922597
2922892
2923185
2923475
2923771
2924068
2924358
2924653
2924952
2925243
2925541
2925834
2926126
2926421
2926721
2927019
2927311
2927608
2927908
2928201
2928495
2928788
2929085
2929379
2929672
2929969
2930262
2930556
2930854
2931154
2931444
2931734
2932033
2932330
2932627
2932921
2933214
2933513
2933806
2934106
2934406
2934703
2934998
2935289
2935583
2935882
2936180
2936475
2936769
2937064
2937364
2937661
2937959
2938252
2938544
2938836
2939133
2939425
2939722
2940016
2940307
2940604
2940903
2941195
2941495
2941790
2942087
2942378
2942669
2942969
2943261
2943558
2943852
2944142
2944436
2944727
2945027
2945327
2945617
2945912
2946208
2946506
2946796
2947093
2947387
2947685
2947978
2948278
2948572
2948870
2949164
2949461
2949760
